default scene
4
scene
0
1.000000
0.000000
0.000000
1.000000
1.000000
1.000000
models/dust/dust.obj
1
model
models/dust/dust.obj
0.000000
0.000000
0.000000
90.000000
-0.000000
0.000000
1.000000
1.000000
1.000000
de_dust2
0
mesh
34
0
1
2
3
4
5
6
7
8
9
10
11
12
13
14
15
16
17
18
19
20
21
22
23
24
25
26
27
28
29
30
31
32
33
0.000000
0.000000
0.000000
0.000000
-0.000000
0.000000
1.000000
1.000000
1.000000
light
0
light
1.000000
1.000000
1.000000
1.000000
-1.310000
2.489000
0.000000
0.000000
0.000000
0.000000
1.000000
1.000000
1.000000
player
1
fnode
capsule
1.000000
0.603000
1.036000
1.000000
1.000000
1.000000
0.000000
0.000000
0.000000
0.000000
0.000000
0.000000
1.000000
1.000000
1.000000
models/anim/base.fbx0
2
model
models/anim/base.fbx
-0.045000
-1.045000
0.000000
0.000000
-0.000000
0.000000
1.000000
1.000000
1.000000
Beta_Surface00
0
mesh
1
0
0.000000
0.000000
0.000000
0.000000
-0.000000
0.000000
0.010000
0.010000
0.010000
Beta_Joints00
0
mesh
1
1
0.000000
0.000000
0.000000
0.000000
-0.000000
0.000000
0.010000
0.010000
0.010000
fmeshobj
0
fnode
mesh_c
0.000000
0.000000
0.000000
1195.029297
0.000000
0.000000
models/dust/dust.obj
0.000000
0.000000
0.000000
0.000000
0.000000
0.000000
1.000000
1.000000
1.000000
