jungla
17
scene
0
1.000000
0.000000
0.000000
1.000000
1.000000
1.000000
models/jungle/scena.fbx0
710
model
models/jungle/scena.fbx
0.000000
0.000000
0.000000
0.000000
-0.000000
0.000000
1.000000
1.000000
1.000000
Plane7120
0
mesh
1
0
0.000000
0.000000
0.000000
-90.000008
-0.000000
0.000000
1.000000
1.000000
1.000000
Plane0020
0
mesh
1
1
0.000000
0.000000
0.000000
-90.000008
-0.000000
0.000000
1.000000
1.000000
1.000000
Plane0030
0
mesh
1
2
0.000000
0.000000
0.000000
-90.000008
-0.000000
0.000000
1.000000
1.000000
1.000000
Plane0040
0
mesh
1
3
0.000000
0.000000
0.000000
-90.000008
-0.000000
0.000000
1.000000
1.000000
1.000000
Plane0050
0
mesh
1
4
0.000000
0.000000
0.000000
-90.000008
-0.000000
0.000000
1.000000
1.000000
1.000000
Plane0060
0
mesh
1
5
0.000000
0.000000
0.000000
-90.000008
-0.000000
0.000000
1.000000
1.000000
1.000000
Plane0070
0
mesh
1
6
0.000000
0.000000
0.000000
-90.000008
-0.000000
0.000000
1.000000
1.000000
1.000000
Plane0080
0
mesh
1
7
0.000000
0.000000
0.000000
-90.000008
-0.000000
0.000000
1.000000
1.000000
1.000000
Plane0090
0
mesh
1
8
0.000000
0.000000
0.000000
-90.000008
-0.000000
0.000000
1.000000
1.000000
1.000000
Plane0100
0
mesh
1
9
0.000000
0.000000
0.000000
-90.000008
-0.000000
0.000000
1.000000
1.000000
1.000000
Plane0120
0
mesh
1
10
0.000000
0.000000
0.000000
-90.000008
-0.000000
0.000000
1.000000
1.000000
1.000000
Plane0130
0
mesh
1
11
0.000000
0.000000
0.000000
-90.000008
-0.000000
0.000000
1.000000
1.000000
1.000000
Plane0200
0
mesh
1
12
0.000000
0.000000
0.000000
-90.000008
-0.000000
0.000000
1.000000
1.000000
1.000000
Plane0210
0
mesh
1
13
0.000000
0.000000
0.000000
-90.000008
-0.000000
0.000000
1.000000
1.000000
1.000000
Plane0240
0
mesh
1
14
0.000000
0.000000
0.000000
-90.000008
-0.000000
0.000000
1.000000
1.000000
1.000000
Plane0250
0
mesh
1
15
0.000000
0.000000
0.000000
-90.000008
-0.000000
0.000000
1.000000
1.000000
1.000000
Plane0260
0
mesh
1
16
0.000000
0.000000
0.000000
-90.000008
-0.000000
0.000000
1.000000
1.000000
1.000000
Plane0280
0
mesh
1
17
0.000000
0.000000
0.000000
-90.000008
-0.000000
0.000000
1.000000
1.000000
1.000000
Plane0300
0
mesh
1
18
0.000000
0.000000
0.000000
-90.000008
-0.000000
0.000000
1.000000
1.000000
1.000000
Plane0310
0
mesh
1
19
0.000000
0.000000
0.000000
-90.000008
-0.000000
0.000000
1.000000
1.000000
1.000000
Plane0340
0
mesh
1
20
0.000000
0.000000
0.000000
-90.000008
-0.000000
0.000000
1.000000
1.000000
1.000000
Plane0350
0
mesh
1
21
0.000000
0.000000
0.000000
-90.000008
-0.000000
0.000000
1.000000
1.000000
1.000000
Plane0370
0
mesh
1
22
0.000000
0.000000
0.000000
-90.000008
-0.000000
0.000000
1.000000
1.000000
1.000000
Plane0380
0
mesh
1
23
0.000000
0.000000
0.000000
-90.000008
-0.000000
0.000000
1.000000
1.000000
1.000000
Plane0390
0
mesh
1
24
0.000000
0.000000
0.000000
-90.000008
-0.000000
0.000000
1.000000
1.000000
1.000000
Plane0400
0
mesh
1
25
0.000000
0.000000
0.000000
-90.000008
-0.000000
0.000000
1.000000
1.000000
1.000000
Plane0440
0
mesh
1
26
0.000000
0.000000
0.000000
-90.000008
-0.000000
0.000000
1.000000
1.000000
1.000000
Plane0470
0
mesh
1
27
0.000000
0.000000
0.000000
-90.000008
-0.000000
0.000000
1.000000
1.000000
1.000000
Plane0490
0
mesh
1
28
0.000000
0.000000
0.000000
-90.000008
-0.000000
0.000000
1.000000
1.000000
1.000000
Plane0500
0
mesh
1
29
0.000000
0.000000
0.000000
-90.000008
-0.000000
0.000000
1.000000
1.000000
1.000000
Plane0510
0
mesh
1
30
0.000000
0.000000
0.000000
-90.000008
-0.000000
0.000000
1.000000
1.000000
1.000000
Plane0540
0
mesh
1
31
0.000000
0.000000
0.000000
-90.000008
-0.000000
0.000000
1.000000
1.000000
1.000000
Plane0560
0
mesh
1
32
0.000000
0.000000
0.000000
-90.000008
-0.000000
0.000000
1.000000
1.000000
1.000000
Plane0580
0
mesh
1
33
0.000000
0.000000
0.000000
-90.000008
-0.000000
0.000000
1.000000
1.000000
1.000000
Plane0650
0
mesh
1
34
0.000000
0.000000
0.000000
-90.000008
-0.000000
0.000000
1.000000
1.000000
1.000000
Plane0660
0
mesh
1
35
0.000000
0.000000
0.000000
-90.000008
-0.000000
0.000000
1.000000
1.000000
1.000000
Plane0690
0
mesh
1
36
0.000000
0.000000
0.000000
-90.000008
-0.000000
0.000000
1.000000
1.000000
1.000000
Plane0750
0
mesh
1
37
0.000000
0.000000
0.000000
-90.000008
-0.000000
0.000000
1.000000
1.000000
1.000000
Plane0800
0
mesh
1
38
0.000000
0.000000
0.000000
-90.000008
-0.000000
0.000000
1.000000
1.000000
1.000000
Plane0810
0
mesh
1
39
0.000000
0.000000
0.000000
-90.000008
-0.000000
0.000000
1.000000
1.000000
1.000000
Plane0870
0
mesh
1
40
0.000000
0.000000
0.000000
-90.000008
-0.000000
0.000000
1.000000
1.000000
1.000000
Plane0940
0
mesh
1
41
0.000000
0.000000
0.000000
-90.000008
-0.000000
0.000000
1.000000
1.000000
1.000000
Plane0960
0
mesh
1
42
0.000000
0.000000
0.000000
-90.000008
-0.000000
0.000000
1.000000
1.000000
1.000000
Plane1180
0
mesh
1
43
0.000000
0.000000
0.000000
-90.000008
-0.000000
0.000000
1.000000
1.000000
1.000000
Plane1910
0
mesh
1
44
0.000000
0.000000
0.000000
-90.000008
-0.000000
0.000000
1.000000
1.000000
1.000000
Plane3260
0
mesh
1
45
0.000000
0.000000
0.000000
-90.000008
-0.000000
0.000000
1.000000
1.000000
1.000000
Plane3270
0
mesh
1
46
0.000000
0.000000
0.000000
-90.000008
-0.000000
0.000000
1.000000
1.000000
1.000000
Plane3280
0
mesh
1
47
0.000000
0.000000
0.000000
-90.000008
-0.000000
0.000000
1.000000
1.000000
1.000000
Plane3290
0
mesh
1
48
0.000000
0.000000
0.000000
-90.000008
-0.000000
0.000000
1.000000
1.000000
1.000000
Plane3300
0
mesh
1
49
0.000000
0.000000
0.000000
-90.000008
-0.000000
0.000000
1.000000
1.000000
1.000000
Plane3310
0
mesh
1
50
0.000000
0.000000
0.000000
-90.000008
-0.000000
0.000000
1.000000
1.000000
1.000000
Plane3320
0
mesh
1
51
0.000000
0.000000
0.000000
-90.000008
-0.000000
0.000000
1.000000
1.000000
1.000000
Plane3330
0
mesh
1
52
0.000000
0.000000
0.000000
-90.000008
-0.000000
0.000000
1.000000
1.000000
1.000000
Plane3340
0
mesh
1
53
0.000000
0.000000
0.000000
-90.000008
-0.000000
0.000000
1.000000
1.000000
1.000000
Plane3350
0
mesh
1
54
0.000000
0.000000
0.000000
-90.000008
-0.000000
0.000000
1.000000
1.000000
1.000000
Plane3360
0
mesh
1
55
0.000000
0.000000
0.000000
-90.000008
-0.000000
0.000000
1.000000
1.000000
1.000000
Plane3370
0
mesh
1
56
0.000000
0.000000
0.000000
-90.000008
-0.000000
0.000000
1.000000
1.000000
1.000000
Plane3380
0
mesh
1
57
0.000000
0.000000
0.000000
-90.000008
-0.000000
0.000000
1.000000
1.000000
1.000000
Plane3390
0
mesh
1
58
0.000000
0.000000
0.000000
-90.000008
-0.000000
0.000000
1.000000
1.000000
1.000000
Plane3400
0
mesh
1
59
0.000000
0.000000
0.000000
-90.000008
-0.000000
0.000000
1.000000
1.000000
1.000000
Plane3410
0
mesh
1
60
0.000000
0.000000
0.000000
-90.000008
-0.000000
0.000000
1.000000
1.000000
1.000000
Plane3420
0
mesh
1
61
0.000000
0.000000
0.000000
-90.000008
-0.000000
0.000000
1.000000
1.000000
1.000000
Plane3430
0
mesh
1
62
0.000000
0.000000
0.000000
-90.000008
-0.000000
0.000000
1.000000
1.000000
1.000000
Plane3440
0
mesh
1
63
0.000000
0.000000
0.000000
-90.000008
-0.000000
0.000000
1.000000
1.000000
1.000000
Plane3450
0
mesh
1
64
0.000000
0.000000
0.000000
-90.000008
-0.000000
0.000000
1.000000
1.000000
1.000000
Plane3460
0
mesh
1
65
0.000000
0.000000
0.000000
-90.000008
-0.000000
0.000000
1.000000
1.000000
1.000000
Plane3470
0
mesh
1
66
0.000000
0.000000
0.000000
-90.000008
-0.000000
0.000000
1.000000
1.000000
1.000000
Plane3480
0
mesh
1
67
0.000000
0.000000
0.000000
-90.000008
-0.000000
0.000000
1.000000
1.000000
1.000000
Plane3490
0
mesh
1
68
0.000000
0.000000
0.000000
-90.000008
-0.000000
0.000000
1.000000
1.000000
1.000000
Plane3500
0
mesh
1
69
0.000000
0.000000
0.000000
-90.000008
-0.000000
0.000000
1.000000
1.000000
1.000000
Plane3510
0
mesh
1
70
0.000000
0.000000
0.000000
-90.000008
-0.000000
0.000000
1.000000
1.000000
1.000000
Plane3520
0
mesh
1
71
0.000000
0.000000
0.000000
-90.000008
-0.000000
0.000000
1.000000
1.000000
1.000000
Plane3530
0
mesh
1
72
0.000000
0.000000
0.000000
-90.000008
-0.000000
0.000000
1.000000
1.000000
1.000000
Plane3540
0
mesh
1
73
0.000000
0.000000
0.000000
-90.000008
-0.000000
0.000000
1.000000
1.000000
1.000000
Plane3550
0
mesh
1
74
0.000000
0.000000
0.000000
-90.000008
-0.000000
0.000000
1.000000
1.000000
1.000000
Plane3560
0
mesh
1
75
0.000000
0.000000
0.000000
-90.000008
-0.000000
0.000000
1.000000
1.000000
1.000000
Plane3570
0
mesh
1
76
0.000000
0.000000
0.000000
-90.000008
-0.000000
0.000000
1.000000
1.000000
1.000000
Plane3580
0
mesh
1
77
0.000000
0.000000
0.000000
-90.000008
-0.000000
0.000000
1.000000
1.000000
1.000000
Plane3590
0
mesh
1
78
0.000000
0.000000
0.000000
-90.000008
-0.000000
0.000000
1.000000
1.000000
1.000000
Plane3600
0
mesh
1
79
0.000000
0.000000
0.000000
-90.000008
-0.000000
0.000000
1.000000
1.000000
1.000000
Plane3630
0
mesh
1
80
0.000000
0.000000
0.000000
-90.000008
-0.000000
0.000000
1.000000
1.000000
1.000000
Plane3640
0
mesh
1
81
0.000000
0.000000
0.000000
-90.000008
-0.000000
0.000000
1.000000
1.000000
1.000000
Plane3690
0
mesh
1
82
0.000000
0.000000
0.000000
-90.000008
-0.000000
0.000000
1.000000
1.000000
1.000000
Plane3710
0
mesh
1
83
0.000000
0.000000
0.000000
-90.000008
-0.000000
0.000000
1.000000
1.000000
1.000000
Plane3720
0
mesh
1
84
0.000000
0.000000
0.000000
-90.000008
-0.000000
0.000000
1.000000
1.000000
1.000000
Plane3730
0
mesh
1
85
0.000000
0.000000
0.000000
-90.000008
-0.000000
0.000000
1.000000
1.000000
1.000000
Plane3740
0
mesh
1
86
0.000000
0.000000
0.000000
-90.000008
-0.000000
0.000000
1.000000
1.000000
1.000000
Plane3750
0
mesh
1
87
0.000000
0.000000
0.000000
-90.000008
-0.000000
0.000000
1.000000
1.000000
1.000000
Plane3760
0
mesh
1
88
0.000000
0.000000
0.000000
-90.000008
-0.000000
0.000000
1.000000
1.000000
1.000000
Plane3770
0
mesh
1
89
0.000000
0.000000
0.000000
-90.000008
-0.000000
0.000000
1.000000
1.000000
1.000000
Plane3790
0
mesh
1
90
0.000000
0.000000
0.000000
-90.000008
-0.000000
0.000000
1.000000
1.000000
1.000000
Plane3800
0
mesh
1
91
0.000000
0.000000
0.000000
-90.000008
-0.000000
0.000000
1.000000
1.000000
1.000000
Plane3810
0
mesh
1
92
0.000000
0.000000
0.000000
-90.000008
-0.000000
0.000000
1.000000
1.000000
1.000000
Plane3820
0
mesh
1
93
0.000000
0.000000
0.000000
-90.000008
-0.000000
0.000000
1.000000
1.000000
1.000000
Plane3830
0
mesh
1
94
0.000000
0.000000
0.000000
-90.000008
-0.000000
0.000000
1.000000
1.000000
1.000000
Plane3840
0
mesh
1
95
0.000000
0.000000
0.000000
-90.000008
-0.000000
0.000000
1.000000
1.000000
1.000000
Plane3850
0
mesh
1
96
0.000000
0.000000
0.000000
-90.000008
-0.000000
0.000000
1.000000
1.000000
1.000000
Plane3860
0
mesh
1
97
0.000000
0.000000
0.000000
-90.000008
-0.000000
0.000000
1.000000
1.000000
1.000000
Plane3870
0
mesh
1
98
0.000000
0.000000
0.000000
-90.000008
-0.000000
0.000000
1.000000
1.000000
1.000000
Plane3880
0
mesh
1
99
0.000000
0.000000
0.000000
-90.000008
-0.000000
0.000000
1.000000
1.000000
1.000000
Plane3890
0
mesh
1
100
0.000000
0.000000
0.000000
-90.000008
-0.000000
0.000000
1.000000
1.000000
1.000000
Plane3910
0
mesh
1
101
0.000000
0.000000
0.000000
-90.000008
-0.000000
0.000000
1.000000
1.000000
1.000000
Plane3920
0
mesh
1
102
0.000000
0.000000
0.000000
-90.000008
-0.000000
0.000000
1.000000
1.000000
1.000000
Plane3930
0
mesh
1
103
0.000000
0.000000
0.000000
-90.000008
-0.000000
0.000000
1.000000
1.000000
1.000000
Plane3990
0
mesh
1
104
0.000000
0.000000
0.000000
-90.000008
-0.000000
0.000000
1.000000
1.000000
1.000000
Plane4000
0
mesh
1
105
0.000000
0.000000
0.000000
-90.000008
-0.000000
0.000000
1.000000
1.000000
1.000000
Plane4050
0
mesh
1
106
0.000000
0.000000
0.000000
-90.000008
-0.000000
0.000000
1.000000
1.000000
1.000000
Plane4080
0
mesh
1
107
0.000000
0.000000
0.000000
-90.000008
-0.000000
0.000000
1.000000
1.000000
1.000000
Plane4110
0
mesh
1
108
0.000000
0.000000
0.000000
-90.000008
-0.000000
0.000000
1.000000
1.000000
1.000000
Plane4120
0
mesh
1
109
0.000000
0.000000
0.000000
-90.000008
-0.000000
0.000000
1.000000
1.000000
1.000000
Plane4150
0
mesh
1
110
0.000000
0.000000
0.000000
-90.000008
-0.000000
0.000000
1.000000
1.000000
1.000000
Plane4160
0
mesh
1
111
0.000000
0.000000
0.000000
-90.000008
-0.000000
0.000000
1.000000
1.000000
1.000000
Plane4170
0
mesh
1
112
0.000000
0.000000
0.000000
-90.000008
-0.000000
0.000000
1.000000
1.000000
1.000000
Plane4180
0
mesh
1
113
0.000000
0.000000
0.000000
-90.000008
-0.000000
0.000000
1.000000
1.000000
1.000000
Plane4190
0
mesh
1
114
0.000000
0.000000
0.000000
-90.000008
-0.000000
0.000000
1.000000
1.000000
1.000000
Plane4200
0
mesh
1
115
0.000000
0.000000
0.000000
-90.000008
-0.000000
0.000000
1.000000
1.000000
1.000000
Plane4210
0
mesh
1
116
0.000000
0.000000
0.000000
-90.000008
-0.000000
0.000000
1.000000
1.000000
1.000000
Plane4220
0
mesh
1
117
0.000000
0.000000
0.000000
-90.000008
-0.000000
0.000000
1.000000
1.000000
1.000000
Plane4230
0
mesh
1
118
0.000000
0.000000
0.000000
-90.000008
-0.000000
0.000000
1.000000
1.000000
1.000000
Plane4240
0
mesh
1
119
0.000000
0.000000
0.000000
-90.000008
-0.000000
0.000000
1.000000
1.000000
1.000000
Plane4250
0
mesh
1
120
0.000000
0.000000
0.000000
-90.000008
-0.000000
0.000000
1.000000
1.000000
1.000000
Plane4260
0
mesh
1
121
0.000000
0.000000
0.000000
-90.000008
-0.000000
0.000000
1.000000
1.000000
1.000000
Plane4270
0
mesh
1
122
0.000000
0.000000
0.000000
-90.000008
-0.000000
0.000000
1.000000
1.000000
1.000000
Plane4280
0
mesh
1
123
0.000000
0.000000
0.000000
-90.000008
-0.000000
0.000000
1.000000
1.000000
1.000000
Plane4290
0
mesh
1
124
0.000000
0.000000
0.000000
-90.000008
-0.000000
0.000000
1.000000
1.000000
1.000000
Plane4300
0
mesh
1
125
0.000000
0.000000
0.000000
-90.000008
-0.000000
0.000000
1.000000
1.000000
1.000000
Plane4310
0
mesh
1
126
0.000000
0.000000
0.000000
-90.000008
-0.000000
0.000000
1.000000
1.000000
1.000000
Plane4320
0
mesh
1
127
0.000000
0.000000
0.000000
-90.000008
-0.000000
0.000000
1.000000
1.000000
1.000000
Plane4330
0
mesh
1
128
0.000000
0.000000
0.000000
-90.000008
-0.000000
0.000000
1.000000
1.000000
1.000000
Plane4340
0
mesh
1
129
0.000000
0.000000
0.000000
-90.000008
-0.000000
0.000000
1.000000
1.000000
1.000000
Plane4350
0
mesh
1
130
0.000000
0.000000
0.000000
-90.000008
-0.000000
0.000000
1.000000
1.000000
1.000000
Plane4360
0
mesh
1
131
0.000000
0.000000
0.000000
-90.000008
-0.000000
0.000000
1.000000
1.000000
1.000000
Plane4370
0
mesh
1
132
0.000000
0.000000
0.000000
-90.000008
-0.000000
0.000000
1.000000
1.000000
1.000000
Plane4380
0
mesh
1
133
0.000000
0.000000
0.000000
-90.000008
-0.000000
0.000000
1.000000
1.000000
1.000000
Plane4390
0
mesh
1
134
0.000000
0.000000
0.000000
-90.000008
-0.000000
0.000000
1.000000
1.000000
1.000000
Plane4400
0
mesh
1
135
0.000000
0.000000
0.000000
-90.000008
-0.000000
0.000000
1.000000
1.000000
1.000000
Plane4410
0
mesh
1
136
0.000000
0.000000
0.000000
-90.000008
-0.000000
0.000000
1.000000
1.000000
1.000000
Plane4420
0
mesh
1
137
0.000000
0.000000
0.000000
-90.000008
-0.000000
0.000000
1.000000
1.000000
1.000000
Plane4430
0
mesh
1
138
0.000000
0.000000
0.000000
-90.000008
-0.000000
0.000000
1.000000
1.000000
1.000000
Plane4440
0
mesh
1
139
0.000000
0.000000
0.000000
-90.000008
-0.000000
0.000000
1.000000
1.000000
1.000000
Plane4450
0
mesh
1
140
0.000000
0.000000
0.000000
-90.000008
-0.000000
0.000000
1.000000
1.000000
1.000000
Plane4460
0
mesh
1
141
0.000000
0.000000
0.000000
-90.000008
-0.000000
0.000000
1.000000
1.000000
1.000000
Plane4470
0
mesh
1
142
0.000000
0.000000
0.000000
-90.000008
-0.000000
0.000000
1.000000
1.000000
1.000000
Plane4480
0
mesh
1
143
0.000000
0.000000
0.000000
-90.000008
-0.000000
0.000000
1.000000
1.000000
1.000000
Plane4490
0
mesh
1
144
0.000000
0.000000
0.000000
-90.000008
-0.000000
0.000000
1.000000
1.000000
1.000000
Plane4500
0
mesh
1
145
0.000000
0.000000
0.000000
-90.000008
-0.000000
0.000000
1.000000
1.000000
1.000000
Plane4510
0
mesh
1
146
0.000000
0.000000
0.000000
-90.000008
-0.000000
0.000000
1.000000
1.000000
1.000000
Plane4520
0
mesh
1
147
0.000000
0.000000
0.000000
-90.000008
-0.000000
0.000000
1.000000
1.000000
1.000000
Plane4530
0
mesh
1
148
0.000000
0.000000
0.000000
-90.000008
-0.000000
0.000000
1.000000
1.000000
1.000000
Plane4550
0
mesh
1
149
0.000000
0.000000
0.000000
-90.000008
-0.000000
0.000000
1.000000
1.000000
1.000000
Plane4560
0
mesh
1
150
0.000000
0.000000
0.000000
-90.000008
-0.000000
0.000000
1.000000
1.000000
1.000000
Plane4570
0
mesh
1
151
0.000000
0.000000
0.000000
-90.000008
-0.000000
0.000000
1.000000
1.000000
1.000000
Plane4580
0
mesh
1
152
0.000000
0.000000
0.000000
-90.000008
-0.000000
0.000000
1.000000
1.000000
1.000000
Plane4590
0
mesh
1
153
0.000000
0.000000
0.000000
-90.000008
-0.000000
0.000000
1.000000
1.000000
1.000000
Plane4600
0
mesh
1
154
0.000000
0.000000
0.000000
-90.000008
-0.000000
0.000000
1.000000
1.000000
1.000000
Plane4610
0
mesh
1
155
0.000000
0.000000
0.000000
-90.000008
-0.000000
0.000000
1.000000
1.000000
1.000000
Plane4620
0
mesh
1
156
0.000000
0.000000
0.000000
-90.000008
-0.000000
0.000000
1.000000
1.000000
1.000000
Plane4630
0
mesh
1
157
0.000000
0.000000
0.000000
-90.000008
-0.000000
0.000000
1.000000
1.000000
1.000000
Plane4640
0
mesh
1
158
0.000000
0.000000
0.000000
-90.000008
-0.000000
0.000000
1.000000
1.000000
1.000000
Plane4650
0
mesh
1
159
0.000000
0.000000
0.000000
-90.000008
-0.000000
0.000000
1.000000
1.000000
1.000000
Plane4660
0
mesh
1
160
0.000000
0.000000
0.000000
-90.000008
-0.000000
0.000000
1.000000
1.000000
1.000000
Plane4670
0
mesh
1
161
0.000000
0.000000
0.000000
-90.000008
-0.000000
0.000000
1.000000
1.000000
1.000000
Plane4680
0
mesh
1
162
0.000000
0.000000
0.000000
-90.000008
-0.000000
0.000000
1.000000
1.000000
1.000000
Plane4690
0
mesh
1
163
0.000000
0.000000
0.000000
-90.000008
-0.000000
0.000000
1.000000
1.000000
1.000000
Plane4700
0
mesh
1
164
0.000000
0.000000
0.000000
-90.000008
-0.000000
0.000000
1.000000
1.000000
1.000000
Plane4710
0
mesh
1
165
0.000000
0.000000
0.000000
-90.000008
-0.000000
0.000000
1.000000
1.000000
1.000000
Plane4720
0
mesh
1
166
0.000000
0.000000
0.000000
-90.000008
-0.000000
0.000000
1.000000
1.000000
1.000000
Plane4730
0
mesh
1
167
0.000000
0.000000
0.000000
-90.000008
-0.000000
0.000000
1.000000
1.000000
1.000000
Plane4740
0
mesh
1
168
0.000000
0.000000
0.000000
-90.000008
-0.000000
0.000000
1.000000
1.000000
1.000000
Plane4750
0
mesh
1
169
0.000000
0.000000
0.000000
-90.000008
-0.000000
0.000000
1.000000
1.000000
1.000000
Plane4760
0
mesh
1
170
0.000000
0.000000
0.000000
-90.000008
-0.000000
0.000000
1.000000
1.000000
1.000000
Plane4770
0
mesh
1
171
0.000000
0.000000
0.000000
-90.000008
-0.000000
0.000000
1.000000
1.000000
1.000000
Plane4780
0
mesh
1
172
0.000000
0.000000
0.000000
-90.000008
-0.000000
0.000000
1.000000
1.000000
1.000000
Plane4790
0
mesh
1
173
0.000000
0.000000
0.000000
-90.000008
-0.000000
0.000000
1.000000
1.000000
1.000000
Plane4800
0
mesh
1
174
0.000000
0.000000
0.000000
-90.000008
-0.000000
0.000000
1.000000
1.000000
1.000000
Plane4810
0
mesh
1
175
0.000000
0.000000
0.000000
-90.000008
-0.000000
0.000000
1.000000
1.000000
1.000000
Plane4820
0
mesh
1
176
0.000000
0.000000
0.000000
-90.000008
-0.000000
0.000000
1.000000
1.000000
1.000000
Plane4830
0
mesh
1
177
0.000000
0.000000
0.000000
-90.000008
-0.000000
0.000000
1.000000
1.000000
1.000000
Plane4860
0
mesh
1
178
0.000000
0.000000
0.000000
-90.000008
-0.000000
0.000000
1.000000
1.000000
1.000000
Plane4870
0
mesh
1
179
0.000000
0.000000
0.000000
-90.000008
-0.000000
0.000000
1.000000
1.000000
1.000000
Plane4880
0
mesh
1
180
0.000000
0.000000
0.000000
-90.000008
-0.000000
0.000000
1.000000
1.000000
1.000000
Plane4900
0
mesh
1
181
0.000000
0.000000
0.000000
-90.000008
-0.000000
0.000000
1.000000
1.000000
1.000000
Plane4910
0
mesh
1
182
0.000000
0.000000
0.000000
-90.000008
-0.000000
0.000000
1.000000
1.000000
1.000000
Plane4920
0
mesh
1
183
0.000000
0.000000
0.000000
-90.000008
-0.000000
0.000000
1.000000
1.000000
1.000000
Plane4930
0
mesh
1
184
0.000000
0.000000
0.000000
-90.000008
-0.000000
0.000000
1.000000
1.000000
1.000000
Plane5360
0
mesh
1
185
0.000000
0.000000
0.000000
-90.000008
-0.000000
0.000000
1.000000
1.000000
1.000000
Plane5370
0
mesh
1
186
0.000000
0.000000
0.000000
-90.000008
-0.000000
0.000000
1.000000
1.000000
1.000000
Plane5380
0
mesh
1
187
0.000000
0.000000
0.000000
-90.000008
-0.000000
0.000000
1.000000
1.000000
1.000000
Plane5390
0
mesh
1
188
0.000000
0.000000
0.000000
-90.000008
-0.000000
0.000000
1.000000
1.000000
1.000000
Plane5400
0
mesh
1
189
0.000000
0.000000
0.000000
-90.000008
-0.000000
0.000000
1.000000
1.000000
1.000000
Plane5410
0
mesh
1
190
0.000000
0.000000
0.000000
-90.000008
-0.000000
0.000000
1.000000
1.000000
1.000000
Plane5420
0
mesh
1
191
0.000000
0.000000
0.000000
-90.000008
-0.000000
0.000000
1.000000
1.000000
1.000000
Plane5440
0
mesh
1
192
0.000000
0.000000
0.000000
-90.000008
-0.000000
0.000000
1.000000
1.000000
1.000000
Object0010
0
mesh
1
193
0.000000
0.000000
0.000000
-90.000008
-0.000000
0.000000
1.000000
1.000000
1.000000
Plane5460
0
mesh
1
194
0.000000
0.000000
0.000000
-90.000008
-0.000000
0.000000
1.000000
1.000000
1.000000
Plane5470
0
mesh
1
195
0.000000
0.000000
0.000000
-90.000008
-0.000000
0.000000
1.000000
1.000000
1.000000
Plane5480
0
mesh
1
196
0.000000
0.000000
0.000000
-90.000008
-0.000000
0.000000
1.000000
1.000000
1.000000
Plane5490
0
mesh
1
197
0.000000
0.000000
0.000000
-90.000008
-0.000000
0.000000
1.000000
1.000000
1.000000
Plane5500
0
mesh
1
198
0.000000
0.000000
0.000000
-90.000008
-0.000000
0.000000
1.000000
1.000000
1.000000
Plane5510
0
mesh
1
199
0.000000
0.000000
0.000000
-90.000008
-0.000000
0.000000
1.000000
1.000000
1.000000
Plane5520
0
mesh
1
200
0.000000
0.000000
0.000000
-90.000008
-0.000000
0.000000
1.000000
1.000000
1.000000
Plane5540
0
mesh
1
201
0.000000
0.000000
0.000000
-90.000008
-0.000000
0.000000
1.000000
1.000000
1.000000
Plane5550
0
mesh
1
202
0.000000
0.000000
0.000000
-90.000008
-0.000000
0.000000
1.000000
1.000000
1.000000
Plane5560
0
mesh
1
203
0.000000
0.000000
0.000000
-90.000008
-0.000000
0.000000
1.000000
1.000000
1.000000
Object0020
0
mesh
1
204
0.000000
0.000000
0.000000
-90.000008
-0.000000
0.000000
1.000000
1.000000
1.000000
Plane5570
0
mesh
1
205
0.000000
0.000000
0.000000
-90.000008
-0.000000
0.000000
1.000000
1.000000
1.000000
Plane5580
0
mesh
1
206
0.000000
0.000000
0.000000
-90.000008
-0.000000
0.000000
1.000000
1.000000
1.000000
Plane5590
0
mesh
1
207
0.000000
0.000000
0.000000
-90.000008
-0.000000
0.000000
1.000000
1.000000
1.000000
Plane5600
0
mesh
1
208
0.000000
0.000000
0.000000
-90.000008
-0.000000
0.000000
1.000000
1.000000
1.000000
Plane5640
0
mesh
1
209
0.000000
0.000000
0.000000
-90.000008
-0.000000
0.000000
1.000000
1.000000
1.000000
Plane5650
0
mesh
1
210
0.000000
0.000000
0.000000
-90.000008
-0.000000
0.000000
1.000000
1.000000
1.000000
Plane5660
0
mesh
1
211
0.000000
0.000000
0.000000
-90.000008
-0.000000
0.000000
1.000000
1.000000
1.000000
Plane5670
0
mesh
1
212
0.000000
0.000000
0.000000
-90.000008
-0.000000
0.000000
1.000000
1.000000
1.000000
Plane5680
0
mesh
1
213
0.000000
0.000000
0.000000
-90.000008
-0.000000
0.000000
1.000000
1.000000
1.000000
Plane5690
0
mesh
1
214
0.000000
0.000000
0.000000
-90.000008
-0.000000
0.000000
1.000000
1.000000
1.000000
Cylinder0010
0
mesh
1
215
0.000000
0.000000
0.000000
-90.000008
-0.000000
0.000000
1.000000
1.000000
1.000000
Cylinder0020
0
mesh
1
216
0.000000
0.000000
0.000000
-90.000008
-0.000000
0.000000
1.000000
1.000000
1.000000
Cylinder0030
0
mesh
1
217
0.000000
0.000000
0.000000
-90.000008
-0.000000
0.000000
1.000000
1.000000
1.000000
Cylinder0040
0
mesh
1
218
0.000000
0.000000
0.000000
-90.000008
-0.000000
0.000000
1.000000
1.000000
1.000000
Cylinder0050
0
mesh
1
219
0.000000
0.000000
0.000000
-90.000008
-0.000000
0.000000
1.000000
1.000000
1.000000
Cylinder0060
0
mesh
1
220
0.000000
0.000000
0.000000
-90.000008
-0.000000
0.000000
1.000000
1.000000
1.000000
Cylinder0070
0
mesh
1
221
0.000000
0.000000
0.000000
-90.000008
-0.000000
0.000000
1.000000
1.000000
1.000000
Cylinder0080
0
mesh
1
222
0.000000
0.000000
0.000000
-90.000008
-0.000000
0.000000
1.000000
1.000000
1.000000
Cylinder0090
0
mesh
1
223
0.000000
0.000000
0.000000
-90.000008
-0.000000
0.000000
1.000000
1.000000
1.000000
Cylinder0100
0
mesh
1
224
0.000000
0.000000
0.000000
-90.000008
-0.000000
0.000000
1.000000
1.000000
1.000000
Cylinder0110
0
mesh
1
225
0.000000
0.000000
0.000000
-90.000008
-0.000000
0.000000
1.000000
1.000000
1.000000
Cylinder0120
0
mesh
1
226
0.000000
0.000000
0.000000
-90.000008
-0.000000
0.000000
1.000000
1.000000
1.000000
Cylinder0130
0
mesh
1
227
0.000000
0.000000
0.000000
-90.000008
-0.000000
0.000000
1.000000
1.000000
1.000000
Cylinder0140
0
mesh
1
228
0.000000
0.000000
0.000000
-90.000008
-0.000000
0.000000
1.000000
1.000000
1.000000
Cylinder0170
0
mesh
1
229
0.000000
0.000000
0.000000
-90.000008
-0.000000
0.000000
1.000000
1.000000
1.000000
Cylinder0180
0
mesh
1
230
0.000000
0.000000
0.000000
-90.000008
-0.000000
0.000000
1.000000
1.000000
1.000000
Cylinder0190
0
mesh
1
231
0.000000
0.000000
0.000000
-90.000008
-0.000000
0.000000
1.000000
1.000000
1.000000
Cylinder0200
0
mesh
1
232
0.000000
0.000000
0.000000
-90.000008
-0.000000
0.000000
1.000000
1.000000
1.000000
Cylinder0210
0
mesh
1
233
0.000000
0.000000
0.000000
-90.000008
-0.000000
0.000000
1.000000
1.000000
1.000000
Box0240
0
mesh
1
234
0.000000
0.000000
0.000000
-90.000008
-0.000000
0.000000
1.000000
1.000000
1.000000
Box0250
0
mesh
1
235
0.000000
0.000000
0.000000
-90.000008
-0.000000
0.000000
1.000000
1.000000
1.000000
Box0260
0
mesh
1
236
0.000000
0.000000
0.000000
-90.000008
-0.000000
0.000000
1.000000
1.000000
1.000000
Box0140
0
mesh
1
237
0.000000
0.000000
0.000000
-90.000008
-0.000000
0.000000
1.000000
1.000000
1.000000
Box0150
0
mesh
1
238
0.000000
0.000000
0.000000
-90.000008
-0.000000
0.000000
1.000000
1.000000
1.000000
Box0170
0
mesh
1
239
0.000000
0.000000
0.000000
-90.000008
-0.000000
0.000000
1.000000
1.000000
1.000000
Box0180
0
mesh
1
240
0.000000
0.000000
0.000000
-90.000008
-0.000000
0.000000
1.000000
1.000000
1.000000
Box0190
0
mesh
1
241
0.000000
0.000000
0.000000
-90.000008
-0.000000
0.000000
1.000000
1.000000
1.000000
Box0200
0
mesh
1
242
0.000000
0.000000
0.000000
-90.000008
-0.000000
0.000000
1.000000
1.000000
1.000000
Box0210
0
mesh
1
243
0.000000
0.000000
0.000000
-90.000008
-0.000000
0.000000
1.000000
1.000000
1.000000
Box0220
0
mesh
1
244
0.000000
0.000000
0.000000
-90.000008
-0.000000
0.000000
1.000000
1.000000
1.000000
Plane5700
0
mesh
1
245
0.000000
0.000000
0.000000
-90.000008
-0.000000
0.000000
1.000000
1.000000
1.000000
Plane5710
0
mesh
1
246
0.000000
0.000000
0.000000
-90.000008
-0.000000
0.000000
1.000000
1.000000
1.000000
Plane5720
0
mesh
1
247
0.000000
0.000000
0.000000
-90.000008
-0.000000
0.000000
1.000000
1.000000
1.000000
Plane5730
0
mesh
1
248
0.000000
0.000000
0.000000
-90.000008
-0.000000
0.000000
1.000000
1.000000
1.000000
Plane5750
0
mesh
1
249
0.000000
0.000000
0.000000
-90.000008
-0.000000
0.000000
1.000000
1.000000
1.000000
Plane5760
0
mesh
1
250
0.000000
0.000000
0.000000
-90.000008
-0.000000
0.000000
1.000000
1.000000
1.000000
Plane5770
0
mesh
1
251
0.000000
0.000000
0.000000
-90.000008
-0.000000
0.000000
1.000000
1.000000
1.000000
Plane5780
0
mesh
1
252
0.000000
0.000000
0.000000
-90.000008
-0.000000
0.000000
1.000000
1.000000
1.000000
Plane5790
0
mesh
1
253
0.000000
0.000000
0.000000
-90.000008
-0.000000
0.000000
1.000000
1.000000
1.000000
Plane5800
0
mesh
1
254
0.000000
0.000000
0.000000
-90.000008
-0.000000
0.000000
1.000000
1.000000
1.000000
Plane5810
0
mesh
1
255
0.000000
0.000000
0.000000
-90.000008
-0.000000
0.000000
1.000000
1.000000
1.000000
Plane5820
0
mesh
1
256
0.000000
0.000000
0.000000
-90.000008
-0.000000
0.000000
1.000000
1.000000
1.000000
Plane5830
0
mesh
1
257
0.000000
0.000000
0.000000
-90.000008
-0.000000
0.000000
1.000000
1.000000
1.000000
Plane5840
0
mesh
1
258
0.000000
0.000000
0.000000
-90.000008
-0.000000
0.000000
1.000000
1.000000
1.000000
Plane5850
0
mesh
1
259
0.000000
0.000000
0.000000
-90.000008
-0.000000
0.000000
1.000000
1.000000
1.000000
Plane5860
0
mesh
1
260
0.000000
0.000000
0.000000
-90.000008
-0.000000
0.000000
1.000000
1.000000
1.000000
Plane5870
0
mesh
1
261
0.000000
0.000000
0.000000
-90.000008
-0.000000
0.000000
1.000000
1.000000
1.000000
Plane5880
0
mesh
1
262
0.000000
0.000000
0.000000
-90.000008
-0.000000
0.000000
1.000000
1.000000
1.000000
Plane5890
0
mesh
1
263
0.000000
0.000000
0.000000
-90.000008
-0.000000
0.000000
1.000000
1.000000
1.000000
Plane5900
0
mesh
1
264
0.000000
0.000000
0.000000
-90.000008
-0.000000
0.000000
1.000000
1.000000
1.000000
Plane5910
0
mesh
1
265
0.000000
0.000000
0.000000
-90.000008
-0.000000
0.000000
1.000000
1.000000
1.000000
Plane5920
0
mesh
1
266
0.000000
0.000000
0.000000
-90.000008
-0.000000
0.000000
1.000000
1.000000
1.000000
Plane5930
0
mesh
1
267
0.000000
0.000000
0.000000
-90.000008
-0.000000
0.000000
1.000000
1.000000
1.000000
Plane5950
0
mesh
1
268
0.000000
0.000000
0.000000
-90.000008
-0.000000
0.000000
1.000000
1.000000
1.000000
Plane5960
0
mesh
1
269
0.000000
0.000000
0.000000
-90.000008
-0.000000
0.000000
1.000000
1.000000
1.000000
Plane5970
0
mesh
1
270
0.000000
0.000000
0.000000
-90.000008
-0.000000
0.000000
1.000000
1.000000
1.000000
Plane5980
0
mesh
1
271
0.000000
0.000000
0.000000
-90.000008
-0.000000
0.000000
1.000000
1.000000
1.000000
Plane6000
0
mesh
1
272
0.000000
0.000000
0.000000
-90.000008
-0.000000
0.000000
1.000000
1.000000
1.000000
Plane6010
0
mesh
1
273
0.000000
0.000000
0.000000
-90.000008
-0.000000
0.000000
1.000000
1.000000
1.000000
Plane6020
0
mesh
1
274
0.000000
0.000000
0.000000
-90.000008
-0.000000
0.000000
1.000000
1.000000
1.000000
Plane6030
0
mesh
1
275
0.000000
0.000000
0.000000
-90.000008
-0.000000
0.000000
1.000000
1.000000
1.000000
Plane6040
0
mesh
1
276
0.000000
0.000000
0.000000
-90.000008
-0.000000
0.000000
1.000000
1.000000
1.000000
Plane6050
0
mesh
1
277
0.000000
0.000000
0.000000
-90.000008
-0.000000
0.000000
1.000000
1.000000
1.000000
Plane6060
0
mesh
1
278
0.000000
0.000000
0.000000
-90.000008
-0.000000
0.000000
1.000000
1.000000
1.000000
Plane6070
0
mesh
1
279
0.000000
0.000000
0.000000
-90.000008
-0.000000
0.000000
1.000000
1.000000
1.000000
Plane6080
0
mesh
1
280
0.000000
0.000000
0.000000
-90.000008
-0.000000
0.000000
1.000000
1.000000
1.000000
Plane6090
0
mesh
1
281
0.000000
0.000000
0.000000
-90.000008
-0.000000
0.000000
1.000000
1.000000
1.000000
Plane6100
0
mesh
1
282
0.000000
0.000000
0.000000
-90.000008
-0.000000
0.000000
1.000000
1.000000
1.000000
Plane6110
0
mesh
1
283
0.000000
0.000000
0.000000
-90.000008
-0.000000
0.000000
1.000000
1.000000
1.000000
Plane6120
0
mesh
1
284
0.000000
0.000000
0.000000
-90.000008
-0.000000
0.000000
1.000000
1.000000
1.000000
Plane6130
0
mesh
1
285
0.000000
0.000000
0.000000
-90.000008
-0.000000
0.000000
1.000000
1.000000
1.000000
Plane6140
0
mesh
1
286
0.000000
0.000000
0.000000
-90.000008
-0.000000
0.000000
1.000000
1.000000
1.000000
Plane6150
0
mesh
1
287
0.000000
0.000000
0.000000
-90.000008
-0.000000
0.000000
1.000000
1.000000
1.000000
Plane6160
0
mesh
1
288
0.000000
0.000000
0.000000
-90.000008
-0.000000
0.000000
1.000000
1.000000
1.000000
Plane6170
0
mesh
1
289
0.000000
0.000000
0.000000
-90.000008
-0.000000
0.000000
1.000000
1.000000
1.000000
Plane6180
0
mesh
1
290
0.000000
0.000000
0.000000
-90.000008
-0.000000
0.000000
1.000000
1.000000
1.000000
Plane6190
0
mesh
1
291
0.000000
0.000000
0.000000
-90.000008
-0.000000
0.000000
1.000000
1.000000
1.000000
Plane6320
0
mesh
1
292
0.000000
0.000000
0.000000
-90.000008
-0.000000
0.000000
1.000000
1.000000
1.000000
Plane6340
0
mesh
1
293
0.000000
0.000000
0.000000
-90.000008
-0.000000
0.000000
1.000000
1.000000
1.000000
Plane6350
0
mesh
1
294
0.000000
0.000000
0.000000
-90.000008
-0.000000
0.000000
1.000000
1.000000
1.000000
Plane6360
0
mesh
1
295
0.000000
0.000000
0.000000
-90.000008
-0.000000
0.000000
1.000000
1.000000
1.000000
Plane6370
0
mesh
1
296
0.000000
0.000000
0.000000
-90.000008
-0.000000
0.000000
1.000000
1.000000
1.000000
Plane6380
0
mesh
1
297
0.000000
0.000000
0.000000
-90.000008
-0.000000
0.000000
1.000000
1.000000
1.000000
Plane6390
0
mesh
1
298
0.000000
0.000000
0.000000
-90.000008
-0.000000
0.000000
1.000000
1.000000
1.000000
Plane6400
0
mesh
1
299
0.000000
0.000000
0.000000
-90.000008
-0.000000
0.000000
1.000000
1.000000
1.000000
Plane6410
0
mesh
1
300
0.000000
0.000000
0.000000
-90.000008
-0.000000
0.000000
1.000000
1.000000
1.000000
Plane6420
0
mesh
1
301
0.000000
0.000000
0.000000
-90.000008
-0.000000
0.000000
1.000000
1.000000
1.000000
Plane6430
0
mesh
1
302
0.000000
0.000000
0.000000
-90.000008
-0.000000
0.000000
1.000000
1.000000
1.000000
Plane6440
0
mesh
1
303
0.000000
0.000000
0.000000
-90.000008
-0.000000
0.000000
1.000000
1.000000
1.000000
Plane6450
0
mesh
1
304
0.000000
0.000000
0.000000
-90.000008
-0.000000
0.000000
1.000000
1.000000
1.000000
Plane6460
0
mesh
1
305
0.000000
0.000000
0.000000
-90.000008
-0.000000
0.000000
1.000000
1.000000
1.000000
Plane6470
0
mesh
1
306
0.000000
0.000000
0.000000
-90.000008
-0.000000
0.000000
1.000000
1.000000
1.000000
Plane6480
0
mesh
1
307
0.000000
0.000000
0.000000
-90.000008
-0.000000
0.000000
1.000000
1.000000
1.000000
Plane6490
0
mesh
1
308
0.000000
0.000000
0.000000
-90.000008
-0.000000
0.000000
1.000000
1.000000
1.000000
Plane6500
0
mesh
1
309
0.000000
0.000000
0.000000
-90.000008
-0.000000
0.000000
1.000000
1.000000
1.000000
Plane6510
0
mesh
1
310
0.000000
0.000000
0.000000
-90.000008
-0.000000
0.000000
1.000000
1.000000
1.000000
Plane6520
0
mesh
1
311
0.000000
0.000000
0.000000
-90.000008
-0.000000
0.000000
1.000000
1.000000
1.000000
Plane6530
0
mesh
1
312
0.000000
0.000000
0.000000
-90.000008
-0.000000
0.000000
1.000000
1.000000
1.000000
Plane6540
0
mesh
1
313
0.000000
0.000000
0.000000
-90.000008
-0.000000
0.000000
1.000000
1.000000
1.000000
Plane6550
0
mesh
1
314
0.000000
0.000000
0.000000
-90.000008
-0.000000
0.000000
1.000000
1.000000
1.000000
Plane6560
0
mesh
1
315
0.000000
0.000000
0.000000
-90.000008
-0.000000
0.000000
1.000000
1.000000
1.000000
Plane6570
0
mesh
1
316
0.000000
0.000000
0.000000
-90.000008
-0.000000
0.000000
1.000000
1.000000
1.000000
Plane6580
0
mesh
1
317
0.000000
0.000000
0.000000
-90.000008
-0.000000
0.000000
1.000000
1.000000
1.000000
Plane6590
0
mesh
1
318
0.000000
0.000000
0.000000
-90.000008
-0.000000
0.000000
1.000000
1.000000
1.000000
Plane6600
0
mesh
1
319
0.000000
0.000000
0.000000
-90.000008
-0.000000
0.000000
1.000000
1.000000
1.000000
Plane6610
0
mesh
1
320
0.000000
0.000000
0.000000
-90.000008
-0.000000
0.000000
1.000000
1.000000
1.000000
Plane6620
0
mesh
1
321
0.000000
0.000000
0.000000
-90.000008
-0.000000
0.000000
1.000000
1.000000
1.000000
Plane6630
0
mesh
1
322
0.000000
0.000000
0.000000
-90.000008
-0.000000
0.000000
1.000000
1.000000
1.000000
Plane6640
0
mesh
1
323
0.000000
0.000000
0.000000
-90.000008
-0.000000
0.000000
1.000000
1.000000
1.000000
Plane6650
0
mesh
1
324
0.000000
0.000000
0.000000
-90.000008
-0.000000
0.000000
1.000000
1.000000
1.000000
Plane6660
0
mesh
1
325
0.000000
0.000000
0.000000
-90.000008
-0.000000
0.000000
1.000000
1.000000
1.000000
Plane6670
0
mesh
1
326
0.000000
0.000000
0.000000
-90.000008
-0.000000
0.000000
1.000000
1.000000
1.000000
Plane6680
0
mesh
1
327
0.000000
0.000000
0.000000
-90.000008
-0.000000
0.000000
1.000000
1.000000
1.000000
Plane6690
0
mesh
1
328
0.000000
0.000000
0.000000
-90.000008
-0.000000
0.000000
1.000000
1.000000
1.000000
Plane6700
0
mesh
1
329
0.000000
0.000000
0.000000
-90.000008
-0.000000
0.000000
1.000000
1.000000
1.000000
Plane6710
0
mesh
1
330
0.000000
0.000000
0.000000
-90.000008
-0.000000
0.000000
1.000000
1.000000
1.000000
Plane6720
0
mesh
1
331
0.000000
0.000000
0.000000
-90.000008
-0.000000
0.000000
1.000000
1.000000
1.000000
Plane6730
0
mesh
1
332
0.000000
0.000000
0.000000
-90.000008
-0.000000
0.000000
1.000000
1.000000
1.000000
Plane6740
0
mesh
1
333
0.000000
0.000000
0.000000
-90.000008
-0.000000
0.000000
1.000000
1.000000
1.000000
Plane6750
0
mesh
1
334
0.000000
0.000000
0.000000
-90.000008
-0.000000
0.000000
1.000000
1.000000
1.000000
Plane6760
0
mesh
1
335
0.000000
0.000000
0.000000
-90.000008
-0.000000
0.000000
1.000000
1.000000
1.000000
Plane6770
0
mesh
1
336
0.000000
0.000000
0.000000
-90.000008
-0.000000
0.000000
1.000000
1.000000
1.000000
Plane6780
0
mesh
1
337
0.000000
0.000000
0.000000
-90.000008
-0.000000
0.000000
1.000000
1.000000
1.000000
Plane6790
0
mesh
1
338
0.000000
0.000000
0.000000
-90.000008
-0.000000
0.000000
1.000000
1.000000
1.000000
Plane6800
0
mesh
1
339
0.000000
0.000000
0.000000
-90.000008
-0.000000
0.000000
1.000000
1.000000
1.000000
Plane6810
0
mesh
1
340
0.000000
0.000000
0.000000
-90.000008
-0.000000
0.000000
1.000000
1.000000
1.000000
Plane6820
0
mesh
1
341
0.000000
0.000000
0.000000
-90.000008
-0.000000
0.000000
1.000000
1.000000
1.000000
Plane6830
0
mesh
1
342
0.000000
0.000000
0.000000
-90.000008
-0.000000
0.000000
1.000000
1.000000
1.000000
Plane6840
0
mesh
1
343
0.000000
0.000000
0.000000
-90.000008
-0.000000
0.000000
1.000000
1.000000
1.000000
Plane6850
0
mesh
1
344
0.000000
0.000000
0.000000
-90.000008
-0.000000
0.000000
1.000000
1.000000
1.000000
Plane6860
0
mesh
1
345
0.000000
0.000000
0.000000
-90.000008
-0.000000
0.000000
1.000000
1.000000
1.000000
Plane6870
0
mesh
1
346
0.000000
0.000000
0.000000
-90.000008
-0.000000
0.000000
1.000000
1.000000
1.000000
Plane6880
0
mesh
1
347
0.000000
0.000000
0.000000
-90.000008
-0.000000
0.000000
1.000000
1.000000
1.000000
Plane6890
0
mesh
1
348
0.000000
0.000000
0.000000
-90.000008
-0.000000
0.000000
1.000000
1.000000
1.000000
Plane6900
0
mesh
1
349
0.000000
0.000000
0.000000
-90.000008
-0.000000
0.000000
1.000000
1.000000
1.000000
Plane6910
0
mesh
1
350
0.000000
0.000000
0.000000
-90.000008
-0.000000
0.000000
1.000000
1.000000
1.000000
Plane6920
0
mesh
1
351
0.000000
0.000000
0.000000
-90.000008
-0.000000
0.000000
1.000000
1.000000
1.000000
Plane6930
0
mesh
1
352
0.000000
0.000000
0.000000
-90.000008
-0.000000
0.000000
1.000000
1.000000
1.000000
Plane6940
0
mesh
1
353
0.000000
0.000000
0.000000
-90.000008
-0.000000
0.000000
1.000000
1.000000
1.000000
Plane6950
0
mesh
1
354
0.000000
0.000000
0.000000
-90.000008
-0.000000
0.000000
1.000000
1.000000
1.000000
Plane6960
0
mesh
1
355
0.000000
0.000000
0.000000
-90.000008
-0.000000
0.000000
1.000000
1.000000
1.000000
Plane6970
0
mesh
1
356
0.000000
0.000000
0.000000
-90.000008
-0.000000
0.000000
1.000000
1.000000
1.000000
Plane6980
0
mesh
1
357
0.000000
0.000000
0.000000
-90.000008
-0.000000
0.000000
1.000000
1.000000
1.000000
Plane6990
0
mesh
1
358
0.000000
0.000000
0.000000
-90.000008
-0.000000
0.000000
1.000000
1.000000
1.000000
Plane7000
0
mesh
1
359
0.000000
0.000000
0.000000
-90.000008
-0.000000
0.000000
1.000000
1.000000
1.000000
Plane7010
0
mesh
1
360
0.000000
0.000000
0.000000
-90.000008
-0.000000
0.000000
1.000000
1.000000
1.000000
Plane7020
0
mesh
1
361
0.000000
0.000000
0.000000
-90.000008
-0.000000
0.000000
1.000000
1.000000
1.000000
Plane7030
0
mesh
1
362
0.000000
0.000000
0.000000
-90.000008
-0.000000
0.000000
1.000000
1.000000
1.000000
Plane7040
0
mesh
1
363
0.000000
0.000000
0.000000
-90.000008
-0.000000
0.000000
1.000000
1.000000
1.000000
Plane7050
0
mesh
1
364
0.000000
0.000000
0.000000
-90.000008
-0.000000
0.000000
1.000000
1.000000
1.000000
Plane7060
0
mesh
1
365
0.000000
0.000000
0.000000
-90.000008
-0.000000
0.000000
1.000000
1.000000
1.000000
Plane7070
0
mesh
1
366
0.000000
0.000000
0.000000
-90.000008
-0.000000
0.000000
1.000000
1.000000
1.000000
Plane7080
0
mesh
1
367
0.000000
0.000000
0.000000
-90.000008
-0.000000
0.000000
1.000000
1.000000
1.000000
Plane7090
0
mesh
1
368
0.000000
0.000000
0.000000
-90.000008
-0.000000
0.000000
1.000000
1.000000
1.000000
Plane7100
0
mesh
1
369
0.000000
0.000000
0.000000
-90.000008
-0.000000
0.000000
1.000000
1.000000
1.000000
Plane7110
0
mesh
1
370
0.000000
0.000000
0.000000
-90.000008
-0.000000
0.000000
1.000000
1.000000
1.000000
Sphere0030
0
mesh
1
371
0.000000
0.000000
0.000000
-90.000008
-0.000000
0.000000
1.000000
1.000000
1.000000
Plane7130
0
mesh
1
372
0.000000
0.000000
0.000000
-90.000008
-0.000000
0.000000
1.000000
1.000000
1.000000
Plane7140
0
mesh
1
373
0.000000
0.000000
0.000000
-90.000008
-0.000000
0.000000
1.000000
1.000000
1.000000
Plane7150
0
mesh
1
374
0.000000
0.000000
0.000000
-90.000008
-0.000000
0.000000
1.000000
1.000000
1.000000
Plane7160
0
mesh
1
375
0.000000
0.000000
0.000000
-90.000008
-0.000000
0.000000
1.000000
1.000000
1.000000
Plane7170
0
mesh
1
376
0.000000
0.000000
0.000000
-90.000008
-0.000000
0.000000
1.000000
1.000000
1.000000
Plane7180
0
mesh
1
377
0.000000
0.000000
0.000000
-90.000008
-0.000000
0.000000
1.000000
1.000000
1.000000
Plane7190
0
mesh
1
378
0.000000
0.000000
0.000000
-90.000008
-0.000000
0.000000
1.000000
1.000000
1.000000
Plane7200
0
mesh
1
379
0.000000
0.000000
0.000000
-90.000008
-0.000000
0.000000
1.000000
1.000000
1.000000
Plane7210
0
mesh
1
380
0.000000
0.000000
0.000000
-90.000008
-0.000000
0.000000
1.000000
1.000000
1.000000
Plane7220
0
mesh
1
381
0.000000
0.000000
0.000000
-90.000008
-0.000000
0.000000
1.000000
1.000000
1.000000
Plane7230
0
mesh
1
382
0.000000
0.000000
0.000000
-90.000008
-0.000000
0.000000
1.000000
1.000000
1.000000
Plane7240
0
mesh
1
383
0.000000
0.000000
0.000000
-90.000008
-0.000000
0.000000
1.000000
1.000000
1.000000
Plane7250
0
mesh
1
384
0.000000
0.000000
0.000000
-90.000008
-0.000000
0.000000
1.000000
1.000000
1.000000
Plane7260
0
mesh
1
385
0.000000
0.000000
0.000000
-90.000008
-0.000000
0.000000
1.000000
1.000000
1.000000
Plane7270
0
mesh
1
386
0.000000
0.000000
0.000000
-90.000008
-0.000000
0.000000
1.000000
1.000000
1.000000
Plane7280
0
mesh
1
387
0.000000
0.000000
0.000000
-90.000008
-0.000000
0.000000
1.000000
1.000000
1.000000
Plane7290
0
mesh
1
388
0.000000
0.000000
0.000000
-90.000008
-0.000000
0.000000
1.000000
1.000000
1.000000
Plane7300
0
mesh
1
389
0.000000
0.000000
0.000000
-90.000008
-0.000000
0.000000
1.000000
1.000000
1.000000
Plane7310
0
mesh
1
390
0.000000
0.000000
0.000000
-90.000008
-0.000000
0.000000
1.000000
1.000000
1.000000
Plane7320
0
mesh
1
391
0.000000
0.000000
0.000000
-90.000008
-0.000000
0.000000
1.000000
1.000000
1.000000
Plane7330
0
mesh
1
392
0.000000
0.000000
0.000000
-90.000008
-0.000000
0.000000
1.000000
1.000000
1.000000
Plane7340
0
mesh
1
393
0.000000
0.000000
0.000000
-90.000008
-0.000000
0.000000
1.000000
1.000000
1.000000
Plane7350
0
mesh
1
394
0.000000
0.000000
0.000000
-90.000008
-0.000000
0.000000
1.000000
1.000000
1.000000
Plane7360
0
mesh
1
395
0.000000
0.000000
0.000000
-90.000008
-0.000000
0.000000
1.000000
1.000000
1.000000
Plane7370
0
mesh
1
396
0.000000
0.000000
0.000000
-90.000008
-0.000000
0.000000
1.000000
1.000000
1.000000
Plane7380
0
mesh
1
397
0.000000
0.000000
0.000000
-90.000008
-0.000000
0.000000
1.000000
1.000000
1.000000
Plane7390
0
mesh
1
398
0.000000
0.000000
0.000000
-90.000008
-0.000000
0.000000
1.000000
1.000000
1.000000
Plane7400
0
mesh
1
399
0.000000
0.000000
0.000000
-90.000008
-0.000000
0.000000
1.000000
1.000000
1.000000
Plane7410
0
mesh
1
400
0.000000
0.000000
0.000000
-90.000008
-0.000000
0.000000
1.000000
1.000000
1.000000
Plane7420
0
mesh
1
401
0.000000
0.000000
0.000000
-90.000008
-0.000000
0.000000
1.000000
1.000000
1.000000
Plane7430
0
mesh
1
402
0.000000
0.000000
0.000000
-90.000008
-0.000000
0.000000
1.000000
1.000000
1.000000
Plane7440
0
mesh
1
403
0.000000
0.000000
0.000000
-90.000008
-0.000000
0.000000
1.000000
1.000000
1.000000
Plane7450
0
mesh
1
404
0.000000
0.000000
0.000000
-90.000008
-0.000000
0.000000
1.000000
1.000000
1.000000
Plane7460
0
mesh
1
405
0.000000
0.000000
0.000000
-90.000008
-0.000000
0.000000
1.000000
1.000000
1.000000
Plane7470
0
mesh
1
406
0.000000
0.000000
0.000000
-90.000008
-0.000000
0.000000
1.000000
1.000000
1.000000
Plane7480
0
mesh
1
407
0.000000
0.000000
0.000000
-90.000008
-0.000000
0.000000
1.000000
1.000000
1.000000
Plane7490
0
mesh
1
408
0.000000
0.000000
0.000000
-90.000008
-0.000000
0.000000
1.000000
1.000000
1.000000
Plane7500
0
mesh
1
409
0.000000
0.000000
0.000000
-90.000008
-0.000000
0.000000
1.000000
1.000000
1.000000
Plane7510
0
mesh
1
410
0.000000
0.000000
0.000000
-90.000008
-0.000000
0.000000
1.000000
1.000000
1.000000
Plane7520
0
mesh
1
411
0.000000
0.000000
0.000000
-90.000008
-0.000000
0.000000
1.000000
1.000000
1.000000
Plane7530
0
mesh
1
412
0.000000
0.000000
0.000000
-90.000008
-0.000000
0.000000
1.000000
1.000000
1.000000
Plane7540
0
mesh
1
413
0.000000
0.000000
0.000000
-90.000008
-0.000000
0.000000
1.000000
1.000000
1.000000
Plane7550
0
mesh
1
414
0.000000
0.000000
0.000000
-90.000008
-0.000000
0.000000
1.000000
1.000000
1.000000
Plane7560
0
mesh
1
415
0.000000
0.000000
0.000000
-90.000008
-0.000000
0.000000
1.000000
1.000000
1.000000
Plane7570
0
mesh
1
416
0.000000
0.000000
0.000000
-90.000008
-0.000000
0.000000
1.000000
1.000000
1.000000
Plane7580
0
mesh
1
417
0.000000
0.000000
0.000000
-90.000008
-0.000000
0.000000
1.000000
1.000000
1.000000
Plane7590
0
mesh
1
418
0.000000
0.000000
0.000000
-90.000008
-0.000000
0.000000
1.000000
1.000000
1.000000
Plane7600
0
mesh
1
419
0.000000
0.000000
0.000000
-90.000008
-0.000000
0.000000
1.000000
1.000000
1.000000
Plane7610
0
mesh
1
420
0.000000
0.000000
0.000000
-90.000008
-0.000000
0.000000
1.000000
1.000000
1.000000
Plane7620
0
mesh
1
421
0.000000
0.000000
0.000000
-90.000008
-0.000000
0.000000
1.000000
1.000000
1.000000
Plane7630
0
mesh
1
422
0.000000
0.000000
0.000000
-90.000008
-0.000000
0.000000
1.000000
1.000000
1.000000
Plane7640
0
mesh
1
423
0.000000
0.000000
0.000000
-90.000008
-0.000000
0.000000
1.000000
1.000000
1.000000
Plane7650
0
mesh
1
424
0.000000
0.000000
0.000000
-90.000008
-0.000000
0.000000
1.000000
1.000000
1.000000
Plane7660
0
mesh
1
425
0.000000
0.000000
0.000000
-90.000008
-0.000000
0.000000
1.000000
1.000000
1.000000
Plane7670
0
mesh
1
426
0.000000
0.000000
0.000000
-90.000008
-0.000000
0.000000
1.000000
1.000000
1.000000
Plane7680
0
mesh
1
427
0.000000
0.000000
0.000000
-90.000008
-0.000000
0.000000
1.000000
1.000000
1.000000
Plane7690
0
mesh
1
428
0.000000
0.000000
0.000000
-90.000008
-0.000000
0.000000
1.000000
1.000000
1.000000
Plane7700
0
mesh
1
429
0.000000
0.000000
0.000000
-90.000008
-0.000000
0.000000
1.000000
1.000000
1.000000
Plane7710
0
mesh
1
430
0.000000
0.000000
0.000000
-90.000008
-0.000000
0.000000
1.000000
1.000000
1.000000
Plane7720
0
mesh
1
431
0.000000
0.000000
0.000000
-90.000008
-0.000000
0.000000
1.000000
1.000000
1.000000
Plane7730
0
mesh
1
432
0.000000
0.000000
0.000000
-90.000008
-0.000000
0.000000
1.000000
1.000000
1.000000
Plane7740
0
mesh
1
433
0.000000
0.000000
0.000000
-90.000008
-0.000000
0.000000
1.000000
1.000000
1.000000
Plane7750
0
mesh
1
434
0.000000
0.000000
0.000000
-90.000008
-0.000000
0.000000
1.000000
1.000000
1.000000
Plane7760
0
mesh
1
435
0.000000
0.000000
0.000000
-90.000008
-0.000000
0.000000
1.000000
1.000000
1.000000
Plane7770
0
mesh
1
436
0.000000
0.000000
0.000000
-90.000008
-0.000000
0.000000
1.000000
1.000000
1.000000
Plane7780
0
mesh
1
437
0.000000
0.000000
0.000000
-90.000008
-0.000000
0.000000
1.000000
1.000000
1.000000
Plane7790
0
mesh
1
438
0.000000
0.000000
0.000000
-90.000008
-0.000000
0.000000
1.000000
1.000000
1.000000
Plane7800
0
mesh
1
439
0.000000
0.000000
0.000000
-90.000008
-0.000000
0.000000
1.000000
1.000000
1.000000
Plane7810
0
mesh
1
440
0.000000
0.000000
0.000000
-90.000008
-0.000000
0.000000
1.000000
1.000000
1.000000
Plane7820
0
mesh
1
441
0.000000
0.000000
0.000000
-90.000008
-0.000000
0.000000
1.000000
1.000000
1.000000
Plane7830
0
mesh
1
442
0.000000
0.000000
0.000000
-90.000008
-0.000000
0.000000
1.000000
1.000000
1.000000
Plane7840
0
mesh
1
443
0.000000
0.000000
0.000000
-90.000008
-0.000000
0.000000
1.000000
1.000000
1.000000
Plane7850
0
mesh
1
444
0.000000
0.000000
0.000000
-90.000008
-0.000000
0.000000
1.000000
1.000000
1.000000
Plane7860
0
mesh
1
445
0.000000
0.000000
0.000000
-90.000008
-0.000000
0.000000
1.000000
1.000000
1.000000
Plane7870
0
mesh
1
446
0.000000
0.000000
0.000000
-90.000008
-0.000000
0.000000
1.000000
1.000000
1.000000
Plane7880
0
mesh
1
447
0.000000
0.000000
0.000000
-90.000008
-0.000000
0.000000
1.000000
1.000000
1.000000
Plane7890
0
mesh
1
448
0.000000
0.000000
0.000000
-90.000008
-0.000000
0.000000
1.000000
1.000000
1.000000
Plane7900
0
mesh
1
449
0.000000
0.000000
0.000000
-90.000008
-0.000000
0.000000
1.000000
1.000000
1.000000
Plane7910
0
mesh
1
450
0.000000
0.000000
0.000000
-90.000008
-0.000000
0.000000
1.000000
1.000000
1.000000
Plane7920
0
mesh
1
451
0.000000
0.000000
0.000000
-90.000008
-0.000000
0.000000
1.000000
1.000000
1.000000
Plane7930
0
mesh
1
452
0.000000
0.000000
0.000000
-90.000008
-0.000000
0.000000
1.000000
1.000000
1.000000
Plane7940
0
mesh
1
453
0.000000
0.000000
0.000000
-90.000008
-0.000000
0.000000
1.000000
1.000000
1.000000
Plane7950
0
mesh
1
454
0.000000
0.000000
0.000000
-90.000008
-0.000000
0.000000
1.000000
1.000000
1.000000
Plane7960
0
mesh
1
455
0.000000
0.000000
0.000000
-90.000008
-0.000000
0.000000
1.000000
1.000000
1.000000
Plane7970
0
mesh
1
456
0.000000
0.000000
0.000000
-90.000008
-0.000000
0.000000
1.000000
1.000000
1.000000
Plane7980
0
mesh
1
457
0.000000
0.000000
0.000000
-90.000008
-0.000000
0.000000
1.000000
1.000000
1.000000
Plane7990
0
mesh
1
458
0.000000
0.000000
0.000000
-90.000008
-0.000000
0.000000
1.000000
1.000000
1.000000
Plane8000
0
mesh
1
459
0.000000
0.000000
0.000000
-90.000008
-0.000000
0.000000
1.000000
1.000000
1.000000
Plane8010
0
mesh
1
460
0.000000
0.000000
0.000000
-90.000008
-0.000000
0.000000
1.000000
1.000000
1.000000
Plane8020
0
mesh
1
461
0.000000
0.000000
0.000000
-90.000008
-0.000000
0.000000
1.000000
1.000000
1.000000
Plane8030
0
mesh
1
462
0.000000
0.000000
0.000000
-90.000008
-0.000000
0.000000
1.000000
1.000000
1.000000
Plane8040
0
mesh
1
463
0.000000
0.000000
0.000000
-90.000008
-0.000000
0.000000
1.000000
1.000000
1.000000
Plane8050
0
mesh
1
464
0.000000
0.000000
0.000000
-90.000008
-0.000000
0.000000
1.000000
1.000000
1.000000
Plane8060
0
mesh
1
465
0.000000
0.000000
0.000000
-90.000008
-0.000000
0.000000
1.000000
1.000000
1.000000
Plane8070
0
mesh
1
466
0.000000
0.000000
0.000000
-90.000008
-0.000000
0.000000
1.000000
1.000000
1.000000
Plane8080
0
mesh
1
467
0.000000
0.000000
0.000000
-90.000008
-0.000000
0.000000
1.000000
1.000000
1.000000
Plane8090
0
mesh
1
468
0.000000
0.000000
0.000000
-90.000008
-0.000000
0.000000
1.000000
1.000000
1.000000
Plane8100
0
mesh
1
469
0.000000
0.000000
0.000000
-90.000008
-0.000000
0.000000
1.000000
1.000000
1.000000
Plane8110
0
mesh
1
470
0.000000
0.000000
0.000000
-90.000008
-0.000000
0.000000
1.000000
1.000000
1.000000
Plane8120
0
mesh
1
471
0.000000
0.000000
0.000000
-90.000008
-0.000000
0.000000
1.000000
1.000000
1.000000
Plane8130
0
mesh
1
472
0.000000
0.000000
0.000000
-90.000008
-0.000000
0.000000
1.000000
1.000000
1.000000
Plane8140
0
mesh
1
473
0.000000
0.000000
0.000000
-90.000008
-0.000000
0.000000
1.000000
1.000000
1.000000
Plane8150
0
mesh
1
474
0.000000
0.000000
0.000000
-90.000008
-0.000000
0.000000
1.000000
1.000000
1.000000
Plane8160
0
mesh
1
475
0.000000
0.000000
0.000000
-90.000008
-0.000000
0.000000
1.000000
1.000000
1.000000
Plane8170
0
mesh
1
476
0.000000
0.000000
0.000000
-90.000008
-0.000000
0.000000
1.000000
1.000000
1.000000
Plane8180
0
mesh
1
477
0.000000
0.000000
0.000000
-90.000008
-0.000000
0.000000
1.000000
1.000000
1.000000
Plane8190
0
mesh
1
478
0.000000
0.000000
0.000000
-90.000008
-0.000000
0.000000
1.000000
1.000000
1.000000
Plane8200
0
mesh
1
479
0.000000
0.000000
0.000000
-90.000008
-0.000000
0.000000
1.000000
1.000000
1.000000
Plane8210
0
mesh
1
480
0.000000
0.000000
0.000000
-90.000008
-0.000000
0.000000
1.000000
1.000000
1.000000
Plane8220
0
mesh
1
481
0.000000
0.000000
0.000000
-90.000008
-0.000000
0.000000
1.000000
1.000000
1.000000
Plane8230
0
mesh
1
482
0.000000
0.000000
0.000000
-90.000008
-0.000000
0.000000
1.000000
1.000000
1.000000
Plane8240
0
mesh
1
483
0.000000
0.000000
0.000000
-90.000008
-0.000000
0.000000
1.000000
1.000000
1.000000
Plane8250
0
mesh
1
484
0.000000
0.000000
0.000000
-90.000008
-0.000000
0.000000
1.000000
1.000000
1.000000
Plane8260
0
mesh
1
485
0.000000
0.000000
0.000000
-90.000008
-0.000000
0.000000
1.000000
1.000000
1.000000
Plane8270
0
mesh
1
486
0.000000
0.000000
0.000000
-90.000008
-0.000000
0.000000
1.000000
1.000000
1.000000
Plane8280
0
mesh
1
487
0.000000
0.000000
0.000000
-90.000008
-0.000000
0.000000
1.000000
1.000000
1.000000
Plane8290
0
mesh
1
488
0.000000
0.000000
0.000000
-90.000008
-0.000000
0.000000
1.000000
1.000000
1.000000
Plane8300
0
mesh
1
489
0.000000
0.000000
0.000000
-90.000008
-0.000000
0.000000
1.000000
1.000000
1.000000
Plane8310
0
mesh
1
490
0.000000
0.000000
0.000000
-90.000008
-0.000000
0.000000
1.000000
1.000000
1.000000
Plane8320
0
mesh
1
491
0.000000
0.000000
0.000000
-90.000008
-0.000000
0.000000
1.000000
1.000000
1.000000
Plane8330
0
mesh
1
492
0.000000
0.000000
0.000000
-90.000008
-0.000000
0.000000
1.000000
1.000000
1.000000
Plane8340
0
mesh
1
493
0.000000
0.000000
0.000000
-90.000008
-0.000000
0.000000
1.000000
1.000000
1.000000
Plane8350
0
mesh
1
494
0.000000
0.000000
0.000000
-90.000008
-0.000000
0.000000
1.000000
1.000000
1.000000
Plane8360
0
mesh
1
495
0.000000
0.000000
0.000000
-90.000008
-0.000000
0.000000
1.000000
1.000000
1.000000
Plane8370
0
mesh
1
496
0.000000
0.000000
0.000000
-90.000008
-0.000000
0.000000
1.000000
1.000000
1.000000
Plane8380
0
mesh
1
497
0.000000
0.000000
0.000000
-90.000008
-0.000000
0.000000
1.000000
1.000000
1.000000
Plane8390
0
mesh
1
498
0.000000
0.000000
0.000000
-90.000008
-0.000000
0.000000
1.000000
1.000000
1.000000
Plane8400
0
mesh
1
499
0.000000
0.000000
0.000000
-90.000008
-0.000000
0.000000
1.000000
1.000000
1.000000
Plane8410
0
mesh
1
500
0.000000
0.000000
0.000000
-90.000008
-0.000000
0.000000
1.000000
1.000000
1.000000
Plane8420
0
mesh
1
501
0.000000
0.000000
0.000000
-90.000008
-0.000000
0.000000
1.000000
1.000000
1.000000
Plane8430
0
mesh
1
502
0.000000
0.000000
0.000000
-90.000008
-0.000000
0.000000
1.000000
1.000000
1.000000
Plane8440
0
mesh
1
503
0.000000
0.000000
0.000000
-90.000008
-0.000000
0.000000
1.000000
1.000000
1.000000
Plane8450
0
mesh
1
504
0.000000
0.000000
0.000000
-90.000008
-0.000000
0.000000
1.000000
1.000000
1.000000
Plane8460
0
mesh
1
505
0.000000
0.000000
0.000000
-90.000008
-0.000000
0.000000
1.000000
1.000000
1.000000
Plane8470
0
mesh
1
506
0.000000
0.000000
0.000000
-90.000008
-0.000000
0.000000
1.000000
1.000000
1.000000
Plane8480
0
mesh
1
507
0.000000
0.000000
0.000000
-90.000008
-0.000000
0.000000
1.000000
1.000000
1.000000
Plane8490
0
mesh
1
508
0.000000
0.000000
0.000000
-90.000008
-0.000000
0.000000
1.000000
1.000000
1.000000
Plane8500
0
mesh
1
509
0.000000
0.000000
0.000000
-90.000008
-0.000000
0.000000
1.000000
1.000000
1.000000
Plane8510
0
mesh
1
510
0.000000
0.000000
0.000000
-90.000008
-0.000000
0.000000
1.000000
1.000000
1.000000
Plane8520
0
mesh
1
511
0.000000
0.000000
0.000000
-90.000008
-0.000000
0.000000
1.000000
1.000000
1.000000
Plane8530
0
mesh
1
512
0.000000
0.000000
0.000000
-90.000008
-0.000000
0.000000
1.000000
1.000000
1.000000
Plane8540
0
mesh
1
513
0.000000
0.000000
0.000000
-90.000008
-0.000000
0.000000
1.000000
1.000000
1.000000
Plane8550
0
mesh
1
514
0.000000
0.000000
0.000000
-90.000008
-0.000000
0.000000
1.000000
1.000000
1.000000
Plane8560
0
mesh
1
515
0.000000
0.000000
0.000000
-90.000008
-0.000000
0.000000
1.000000
1.000000
1.000000
Plane8570
0
mesh
1
516
0.000000
0.000000
0.000000
-90.000008
-0.000000
0.000000
1.000000
1.000000
1.000000
Plane8580
0
mesh
1
517
0.000000
0.000000
0.000000
-90.000008
-0.000000
0.000000
1.000000
1.000000
1.000000
Plane8590
0
mesh
1
518
0.000000
0.000000
0.000000
-90.000008
-0.000000
0.000000
1.000000
1.000000
1.000000
Plane8600
0
mesh
1
519
0.000000
0.000000
0.000000
-90.000008
-0.000000
0.000000
1.000000
1.000000
1.000000
Plane8610
0
mesh
1
520
0.000000
0.000000
0.000000
-90.000008
-0.000000
0.000000
1.000000
1.000000
1.000000
Plane8620
0
mesh
1
521
0.000000
0.000000
0.000000
-90.000008
-0.000000
0.000000
1.000000
1.000000
1.000000
Plane8630
0
mesh
1
522
0.000000
0.000000
0.000000
-90.000008
-0.000000
0.000000
1.000000
1.000000
1.000000
Plane8640
0
mesh
1
523
0.000000
0.000000
0.000000
-90.000008
-0.000000
0.000000
1.000000
1.000000
1.000000
Plane8650
0
mesh
1
524
0.000000
0.000000
0.000000
-90.000008
-0.000000
0.000000
1.000000
1.000000
1.000000
Plane8660
0
mesh
1
525
0.000000
0.000000
0.000000
-90.000008
-0.000000
0.000000
1.000000
1.000000
1.000000
Plane8670
0
mesh
1
526
0.000000
0.000000
0.000000
-90.000008
-0.000000
0.000000
1.000000
1.000000
1.000000
Plane8680
0
mesh
1
527
0.000000
0.000000
0.000000
-90.000008
-0.000000
0.000000
1.000000
1.000000
1.000000
Plane8690
0
mesh
1
528
0.000000
0.000000
0.000000
-90.000008
-0.000000
0.000000
1.000000
1.000000
1.000000
Plane8700
0
mesh
1
529
0.000000
0.000000
0.000000
-90.000008
-0.000000
0.000000
1.000000
1.000000
1.000000
Plane8710
0
mesh
1
530
0.000000
0.000000
0.000000
-90.000008
-0.000000
0.000000
1.000000
1.000000
1.000000
Plane8720
0
mesh
1
531
0.000000
0.000000
0.000000
-90.000008
-0.000000
0.000000
1.000000
1.000000
1.000000
Plane8730
0
mesh
1
532
0.000000
0.000000
0.000000
-90.000008
-0.000000
0.000000
1.000000
1.000000
1.000000
Plane8740
0
mesh
1
533
0.000000
0.000000
0.000000
-90.000008
-0.000000
0.000000
1.000000
1.000000
1.000000
Plane8750
0
mesh
1
534
0.000000
0.000000
0.000000
-90.000008
-0.000000
0.000000
1.000000
1.000000
1.000000
Plane8760
0
mesh
1
535
0.000000
0.000000
0.000000
-90.000008
-0.000000
0.000000
1.000000
1.000000
1.000000
Plane8770
0
mesh
1
536
0.000000
0.000000
0.000000
-90.000008
-0.000000
0.000000
1.000000
1.000000
1.000000
Plane8780
0
mesh
1
537
0.000000
0.000000
0.000000
-90.000008
-0.000000
0.000000
1.000000
1.000000
1.000000
Plane8790
0
mesh
1
538
0.000000
0.000000
0.000000
-90.000008
-0.000000
0.000000
1.000000
1.000000
1.000000
Plane8800
0
mesh
1
539
0.000000
0.000000
0.000000
-90.000008
-0.000000
0.000000
1.000000
1.000000
1.000000
Plane8810
0
mesh
1
540
0.000000
0.000000
0.000000
-90.000008
-0.000000
0.000000
1.000000
1.000000
1.000000
Plane8820
0
mesh
1
541
0.000000
0.000000
0.000000
-90.000008
-0.000000
0.000000
1.000000
1.000000
1.000000
Plane8830
0
mesh
1
542
0.000000
0.000000
0.000000
-90.000008
-0.000000
0.000000
1.000000
1.000000
1.000000
Plane8840
0
mesh
1
543
0.000000
0.000000
0.000000
-90.000008
-0.000000
0.000000
1.000000
1.000000
1.000000
Plane8850
0
mesh
1
544
0.000000
0.000000
0.000000
-90.000008
-0.000000
0.000000
1.000000
1.000000
1.000000
Plane8860
0
mesh
1
545
0.000000
0.000000
0.000000
-90.000008
-0.000000
0.000000
1.000000
1.000000
1.000000
Plane8870
0
mesh
1
546
0.000000
0.000000
0.000000
-90.000008
-0.000000
0.000000
1.000000
1.000000
1.000000
Plane8880
0
mesh
1
547
0.000000
0.000000
0.000000
-90.000008
-0.000000
0.000000
1.000000
1.000000
1.000000
Plane8890
0
mesh
1
548
0.000000
0.000000
0.000000
-90.000008
-0.000000
0.000000
1.000000
1.000000
1.000000
Plane8900
0
mesh
1
549
0.000000
0.000000
0.000000
-90.000008
-0.000000
0.000000
1.000000
1.000000
1.000000
Plane8910
0
mesh
1
550
0.000000
0.000000
0.000000
-90.000008
-0.000000
0.000000
1.000000
1.000000
1.000000
Plane8920
0
mesh
1
551
0.000000
0.000000
0.000000
-90.000008
-0.000000
0.000000
1.000000
1.000000
1.000000
Plane8930
0
mesh
1
552
0.000000
0.000000
0.000000
-90.000008
-0.000000
0.000000
1.000000
1.000000
1.000000
Plane8940
0
mesh
1
553
0.000000
0.000000
0.000000
-90.000008
-0.000000
0.000000
1.000000
1.000000
1.000000
Plane8950
0
mesh
1
554
0.000000
0.000000
0.000000
-90.000008
-0.000000
0.000000
1.000000
1.000000
1.000000
Plane8960
0
mesh
1
555
0.000000
0.000000
0.000000
-90.000008
-0.000000
0.000000
1.000000
1.000000
1.000000
Plane8970
0
mesh
1
556
0.000000
0.000000
0.000000
-90.000008
-0.000000
0.000000
1.000000
1.000000
1.000000
Plane8980
0
mesh
1
557
0.000000
0.000000
0.000000
-90.000008
-0.000000
0.000000
1.000000
1.000000
1.000000
Plane8990
0
mesh
1
558
0.000000
0.000000
0.000000
-90.000008
-0.000000
0.000000
1.000000
1.000000
1.000000
Plane9000
0
mesh
1
559
0.000000
0.000000
0.000000
-90.000008
-0.000000
0.000000
1.000000
1.000000
1.000000
Plane9010
0
mesh
1
560
0.000000
0.000000
0.000000
-90.000008
-0.000000
0.000000
1.000000
1.000000
1.000000
Plane9020
0
mesh
1
561
0.000000
0.000000
0.000000
-90.000008
-0.000000
0.000000
1.000000
1.000000
1.000000
Plane9030
0
mesh
1
562
0.000000
0.000000
0.000000
-90.000008
-0.000000
0.000000
1.000000
1.000000
1.000000
Plane9040
0
mesh
1
563
0.000000
0.000000
0.000000
-90.000008
-0.000000
0.000000
1.000000
1.000000
1.000000
Plane9050
0
mesh
1
564
0.000000
0.000000
0.000000
-90.000008
-0.000000
0.000000
1.000000
1.000000
1.000000
Plane9060
0
mesh
1
565
0.000000
0.000000
0.000000
-90.000008
-0.000000
0.000000
1.000000
1.000000
1.000000
Plane9070
0
mesh
1
566
0.000000
0.000000
0.000000
-90.000008
-0.000000
0.000000
1.000000
1.000000
1.000000
Plane9080
0
mesh
1
567
0.000000
0.000000
0.000000
-90.000008
-0.000000
0.000000
1.000000
1.000000
1.000000
Plane9090
0
mesh
1
568
0.000000
0.000000
0.000000
-90.000008
-0.000000
0.000000
1.000000
1.000000
1.000000
Plane9100
0
mesh
1
569
0.000000
0.000000
0.000000
-90.000008
-0.000000
0.000000
1.000000
1.000000
1.000000
Plane9110
0
mesh
1
570
0.000000
0.000000
0.000000
-90.000008
-0.000000
0.000000
1.000000
1.000000
1.000000
Plane9120
0
mesh
1
571
0.000000
0.000000
0.000000
-90.000008
-0.000000
0.000000
1.000000
1.000000
1.000000
Plane9130
0
mesh
1
572
0.000000
0.000000
0.000000
-90.000008
-0.000000
0.000000
1.000000
1.000000
1.000000
Plane9140
0
mesh
1
573
0.000000
0.000000
0.000000
-90.000008
-0.000000
0.000000
1.000000
1.000000
1.000000
Plane9150
0
mesh
1
574
0.000000
0.000000
0.000000
-90.000008
-0.000000
0.000000
1.000000
1.000000
1.000000
Plane9160
0
mesh
1
575
0.000000
0.000000
0.000000
-90.000008
-0.000000
0.000000
1.000000
1.000000
1.000000
Plane9170
0
mesh
1
576
0.000000
0.000000
0.000000
-90.000008
-0.000000
0.000000
1.000000
1.000000
1.000000
Plane9180
0
mesh
1
577
0.000000
0.000000
0.000000
-90.000008
-0.000000
0.000000
1.000000
1.000000
1.000000
Plane9190
0
mesh
1
578
0.000000
0.000000
0.000000
-90.000008
-0.000000
0.000000
1.000000
1.000000
1.000000
Plane9200
0
mesh
1
579
0.000000
0.000000
0.000000
-90.000008
-0.000000
0.000000
1.000000
1.000000
1.000000
Plane9210
0
mesh
1
580
0.000000
0.000000
0.000000
-90.000008
-0.000000
0.000000
1.000000
1.000000
1.000000
Plane9220
0
mesh
1
581
0.000000
0.000000
0.000000
-90.000008
-0.000000
0.000000
1.000000
1.000000
1.000000
Plane9230
0
mesh
1
582
0.000000
0.000000
0.000000
-90.000008
-0.000000
0.000000
1.000000
1.000000
1.000000
Plane9240
0
mesh
1
583
0.000000
0.000000
0.000000
-90.000008
-0.000000
0.000000
1.000000
1.000000
1.000000
Plane9250
0
mesh
1
584
0.000000
0.000000
0.000000
-90.000008
-0.000000
0.000000
1.000000
1.000000
1.000000
Plane9260
0
mesh
1
585
0.000000
0.000000
0.000000
-90.000008
-0.000000
0.000000
1.000000
1.000000
1.000000
Plane9270
0
mesh
1
586
0.000000
0.000000
0.000000
-90.000008
-0.000000
0.000000
1.000000
1.000000
1.000000
Plane9280
0
mesh
1
587
0.000000
0.000000
0.000000
-90.000008
-0.000000
0.000000
1.000000
1.000000
1.000000
Plane9290
0
mesh
1
588
0.000000
0.000000
0.000000
-90.000008
-0.000000
0.000000
1.000000
1.000000
1.000000
Plane9300
0
mesh
1
589
0.000000
0.000000
0.000000
-90.000008
-0.000000
0.000000
1.000000
1.000000
1.000000
Plane9310
0
mesh
1
590
0.000000
0.000000
0.000000
-90.000008
-0.000000
0.000000
1.000000
1.000000
1.000000
Plane9320
0
mesh
1
591
0.000000
0.000000
0.000000
-90.000008
-0.000000
0.000000
1.000000
1.000000
1.000000
Plane9330
0
mesh
1
592
0.000000
0.000000
0.000000
-90.000008
-0.000000
0.000000
1.000000
1.000000
1.000000
Plane9340
0
mesh
1
593
0.000000
0.000000
0.000000
-90.000008
-0.000000
0.000000
1.000000
1.000000
1.000000
Plane9350
0
mesh
1
594
0.000000
0.000000
0.000000
-90.000008
-0.000000
0.000000
1.000000
1.000000
1.000000
Plane9360
0
mesh
1
595
0.000000
0.000000
0.000000
-90.000008
-0.000000
0.000000
1.000000
1.000000
1.000000
Plane9370
0
mesh
1
596
0.000000
0.000000
0.000000
-90.000008
-0.000000
0.000000
1.000000
1.000000
1.000000
Plane9380
0
mesh
1
597
0.000000
0.000000
0.000000
-90.000008
-0.000000
0.000000
1.000000
1.000000
1.000000
Plane9390
0
mesh
1
598
0.000000
0.000000
0.000000
-90.000008
-0.000000
0.000000
1.000000
1.000000
1.000000
Plane9400
0
mesh
1
599
0.000000
0.000000
0.000000
-90.000008
-0.000000
0.000000
1.000000
1.000000
1.000000
Plane9410
0
mesh
1
600
0.000000
0.000000
0.000000
-90.000008
-0.000000
0.000000
1.000000
1.000000
1.000000
Plane9420
0
mesh
1
601
0.000000
0.000000
0.000000
-90.000008
-0.000000
0.000000
1.000000
1.000000
1.000000
Plane9430
0
mesh
1
602
0.000000
0.000000
0.000000
-90.000008
-0.000000
0.000000
1.000000
1.000000
1.000000
Plane9440
0
mesh
1
603
0.000000
0.000000
0.000000
-90.000008
-0.000000
0.000000
1.000000
1.000000
1.000000
Plane9450
0
mesh
1
604
0.000000
0.000000
0.000000
-90.000008
-0.000000
0.000000
1.000000
1.000000
1.000000
Plane9460
0
mesh
1
605
0.000000
0.000000
0.000000
-90.000008
-0.000000
0.000000
1.000000
1.000000
1.000000
Plane9470
0
mesh
1
606
0.000000
0.000000
0.000000
-90.000008
-0.000000
0.000000
1.000000
1.000000
1.000000
Plane9480
0
mesh
1
607
0.000000
0.000000
0.000000
-90.000008
-0.000000
0.000000
1.000000
1.000000
1.000000
Plane9490
0
mesh
1
608
0.000000
0.000000
0.000000
-90.000008
-0.000000
0.000000
1.000000
1.000000
1.000000
Plane9500
0
mesh
1
609
0.000000
0.000000
0.000000
-90.000008
-0.000000
0.000000
1.000000
1.000000
1.000000
Plane9510
0
mesh
1
610
0.000000
0.000000
0.000000
-90.000008
-0.000000
0.000000
1.000000
1.000000
1.000000
Plane9520
0
mesh
1
611
0.000000
0.000000
0.000000
-90.000008
-0.000000
0.000000
1.000000
1.000000
1.000000
Plane9530
0
mesh
1
612
0.000000
0.000000
0.000000
-90.000008
-0.000000
0.000000
1.000000
1.000000
1.000000
Plane9540
0
mesh
1
613
0.000000
0.000000
0.000000
-90.000008
-0.000000
0.000000
1.000000
1.000000
1.000000
Plane9550
0
mesh
1
614
0.000000
0.000000
0.000000
-90.000008
-0.000000
0.000000
1.000000
1.000000
1.000000
Plane9560
0
mesh
1
615
0.000000
0.000000
0.000000
-90.000008
-0.000000
0.000000
1.000000
1.000000
1.000000
Plane9570
0
mesh
1
616
0.000000
0.000000
0.000000
-90.000008
-0.000000
0.000000
1.000000
1.000000
1.000000
Plane9580
0
mesh
1
617
0.000000
0.000000
0.000000
-90.000008
-0.000000
0.000000
1.000000
1.000000
1.000000
Plane9590
0
mesh
1
618
0.000000
0.000000
0.000000
-90.000008
-0.000000
0.000000
1.000000
1.000000
1.000000
Plane9600
0
mesh
1
619
0.000000
0.000000
0.000000
-90.000008
-0.000000
0.000000
1.000000
1.000000
1.000000
Plane9610
0
mesh
1
620
0.000000
0.000000
0.000000
-90.000008
-0.000000
0.000000
1.000000
1.000000
1.000000
Plane9620
0
mesh
1
621
0.000000
0.000000
0.000000
-90.000008
-0.000000
0.000000
1.000000
1.000000
1.000000
Plane9630
0
mesh
1
622
0.000000
0.000000
0.000000
-90.000008
-0.000000
0.000000
1.000000
1.000000
1.000000
Plane9640
0
mesh
1
623
0.000000
0.000000
0.000000
-90.000008
-0.000000
0.000000
1.000000
1.000000
1.000000
Plane9650
0
mesh
1
624
0.000000
0.000000
0.000000
-90.000008
-0.000000
0.000000
1.000000
1.000000
1.000000
Plane9660
0
mesh
1
625
0.000000
0.000000
0.000000
-90.000008
-0.000000
0.000000
1.000000
1.000000
1.000000
Plane9670
0
mesh
1
626
0.000000
0.000000
0.000000
-90.000008
-0.000000
0.000000
1.000000
1.000000
1.000000
Plane9680
0
mesh
1
627
0.000000
0.000000
0.000000
-90.000008
-0.000000
0.000000
1.000000
1.000000
1.000000
Plane9690
0
mesh
1
628
0.000000
0.000000
0.000000
-90.000008
-0.000000
0.000000
1.000000
1.000000
1.000000
Plane9700
0
mesh
1
629
0.000000
0.000000
0.000000
-90.000008
-0.000000
0.000000
1.000000
1.000000
1.000000
Plane9710
0
mesh
1
630
0.000000
0.000000
0.000000
-90.000008
-0.000000
0.000000
1.000000
1.000000
1.000000
Plane9720
0
mesh
1
631
0.000000
0.000000
0.000000
-90.000008
-0.000000
0.000000
1.000000
1.000000
1.000000
Plane9730
0
mesh
1
632
0.000000
0.000000
0.000000
-90.000008
-0.000000
0.000000
1.000000
1.000000
1.000000
Plane9740
0
mesh
1
633
0.000000
0.000000
0.000000
-90.000008
-0.000000
0.000000
1.000000
1.000000
1.000000
Box0030
0
mesh
1
634
0.000000
0.000000
0.000000
-90.000008
-0.000000
0.000000
1.000000
1.000000
1.000000
Box0020
0
mesh
1
635
0.000000
0.000000
0.000000
-90.000008
-0.000000
0.000000
1.000000
1.000000
1.000000
Box0040
0
mesh
1
636
0.000000
0.000000
0.000000
-90.000008
-0.000000
0.000000
1.000000
1.000000
1.000000
Box0050
0
mesh
1
637
0.000000
0.000000
0.000000
-90.000008
-0.000000
0.000000
1.000000
1.000000
1.000000
Box0060
0
mesh
1
638
0.000000
0.000000
0.000000
-90.000008
-0.000000
0.000000
1.000000
1.000000
1.000000
Box0010
0
mesh
1
639
0.000000
0.000000
0.000000
-90.000008
-0.000000
0.000000
1.000000
1.000000
1.000000
Box0070
0
mesh
1
640
0.000000
0.000000
0.000000
-90.000008
-0.000000
0.000000
1.000000
1.000000
1.000000
Box0080
0
mesh
1
641
0.000000
0.000000
0.000000
-90.000008
-0.000000
0.000000
1.000000
1.000000
1.000000
Box0090
0
mesh
1
642
0.000000
0.000000
0.000000
-90.000008
-0.000000
0.000000
1.000000
1.000000
1.000000
Box0100
0
mesh
1
643
0.000000
0.000000
0.000000
-90.000008
-0.000000
0.000000
1.000000
1.000000
1.000000
Box0270
0
mesh
1
644
0.000000
0.000000
0.000000
-90.000008
-0.000000
0.000000
1.000000
1.000000
1.000000
Box0290
0
mesh
1
645
0.000000
0.000000
0.000000
-90.000008
-0.000000
0.000000
1.000000
1.000000
1.000000
Box0310
0
mesh
1
646
0.000000
0.000000
0.000000
-90.000008
-0.000000
0.000000
1.000000
1.000000
1.000000
Box0320
0
mesh
1
647
0.000000
0.000000
0.000000
-90.000008
-0.000000
0.000000
1.000000
1.000000
1.000000
Box0330
0
mesh
1
648
0.000000
0.000000
0.000000
-90.000008
-0.000000
0.000000
1.000000
1.000000
1.000000
Box0350
0
mesh
1
649
0.000000
0.000000
0.000000
-90.000008
-0.000000
0.000000
1.000000
1.000000
1.000000
Box0380
0
mesh
1
650
0.000000
0.000000
0.000000
-90.000008
-0.000000
0.000000
1.000000
1.000000
1.000000
Plane9750
0
mesh
1
651
0.000000
0.000000
0.000000
-90.000008
-0.000000
0.000000
1.000000
1.000000
1.000000
Box0410
0
mesh
1
652
0.000000
0.000000
0.000000
-90.000008
-0.000000
0.000000
1.000000
1.000000
1.000000
Box0420
0
mesh
1
653
0.000000
0.000000
0.000000
-90.000008
-0.000000
0.000000
1.000000
1.000000
1.000000
Box0430
0
mesh
1
654
0.000000
0.000000
0.000000
-90.000008
-0.000000
0.000000
1.000000
1.000000
1.000000
Box0440
0
mesh
1
655
0.000000
0.000000
0.000000
-90.000008
-0.000000
0.000000
1.000000
1.000000
1.000000
Box0450
0
mesh
1
656
0.000000
0.000000
0.000000
-90.000008
-0.000000
0.000000
1.000000
1.000000
1.000000
Box0460
0
mesh
1
657
0.000000
0.000000
0.000000
-90.000008
-0.000000
0.000000
1.000000
1.000000
1.000000
Box0470
0
mesh
1
658
0.000000
0.000000
0.000000
-90.000008
-0.000000
0.000000
1.000000
1.000000
1.000000
Box0480
0
mesh
1
659
0.000000
0.000000
0.000000
-90.000008
-0.000000
0.000000
1.000000
1.000000
1.000000
Box0490
0
mesh
1
660
0.000000
0.000000
0.000000
-90.000008
-0.000000
0.000000
1.000000
1.000000
1.000000
Box0500
0
mesh
1
661
0.000000
0.000000
0.000000
-90.000008
-0.000000
0.000000
1.000000
1.000000
1.000000
Box0510
0
mesh
1
662
0.000000
0.000000
0.000000
-90.000008
-0.000000
0.000000
1.000000
1.000000
1.000000
Box0520
0
mesh
1
663
0.000000
0.000000
0.000000
-90.000008
-0.000000
0.000000
1.000000
1.000000
1.000000
Box0530
0
mesh
1
664
0.000000
0.000000
0.000000
-90.000008
-0.000000
0.000000
1.000000
1.000000
1.000000
Box0540
0
mesh
1
665
0.000000
0.000000
0.000000
-90.000008
-0.000000
0.000000
1.000000
1.000000
1.000000
Box0550
0
mesh
1
666
0.000000
0.000000
0.000000
-90.000008
-0.000000
0.000000
1.000000
1.000000
1.000000
Box0760
0
mesh
1
667
0.000000
0.000000
0.000000
-90.000008
-0.000000
0.000000
1.000000
1.000000
1.000000
Box0660
0
mesh
1
668
0.000000
0.000000
0.000000
-90.000008
-0.000000
0.000000
1.000000
1.000000
1.000000
Box0670
0
mesh
1
669
0.000000
0.000000
0.000000
-90.000008
-0.000000
0.000000
1.000000
1.000000
1.000000
Box0680
0
mesh
1
670
0.000000
0.000000
0.000000
-90.000008
-0.000000
0.000000
1.000000
1.000000
1.000000
Box0690
0
mesh
1
671
0.000000
0.000000
0.000000
-90.000008
-0.000000
0.000000
1.000000
1.000000
1.000000
Box0700
0
mesh
1
672
0.000000
0.000000
0.000000
-90.000008
-0.000000
0.000000
1.000000
1.000000
1.000000
Box0560
0
mesh
1
673
0.000000
0.000000
0.000000
-90.000008
-0.000000
0.000000
1.000000
1.000000
1.000000
Box0570
0
mesh
1
674
0.000000
0.000000
0.000000
-90.000008
-0.000000
0.000000
1.000000
1.000000
1.000000
Box0580
0
mesh
1
675
0.000000
0.000000
0.000000
-90.000008
-0.000000
0.000000
1.000000
1.000000
1.000000
Box0590
0
mesh
1
676
0.000000
0.000000
0.000000
-90.000008
-0.000000
0.000000
1.000000
1.000000
1.000000
Box0600
0
mesh
1
677
0.000000
0.000000
0.000000
-90.000008
-0.000000
0.000000
1.000000
1.000000
1.000000
Box0770
0
mesh
1
678
0.000000
0.000000
0.000000
-90.000008
-0.000000
0.000000
1.000000
1.000000
1.000000
Box0790
0
mesh
1
679
0.000000
0.000000
0.000000
-90.000008
-0.000000
0.000000
1.000000
1.000000
1.000000
Box0710
0
mesh
1
680
0.000000
0.000000
0.000000
-90.000008
-0.000000
0.000000
1.000000
1.000000
1.000000
Box0720
0
mesh
1
681
0.000000
0.000000
0.000000
-90.000008
-0.000000
0.000000
1.000000
1.000000
1.000000
Box0730
0
mesh
1
682
0.000000
0.000000
0.000000
-90.000008
-0.000000
0.000000
1.000000
1.000000
1.000000
Box0740
0
mesh
1
683
0.000000
0.000000
0.000000
-90.000008
-0.000000
0.000000
1.000000
1.000000
1.000000
Box0750
0
mesh
1
684
0.000000
0.000000
0.000000
-90.000008
-0.000000
0.000000
1.000000
1.000000
1.000000
Box0800
0
mesh
1
685
0.000000
0.000000
0.000000
-90.000008
-0.000000
0.000000
1.000000
1.000000
1.000000
Box0820
0
mesh
1
686
0.000000
0.000000
0.000000
-90.000008
-0.000000
0.000000
1.000000
1.000000
1.000000
Box0830
0
mesh
1
687
0.000000
0.000000
0.000000
-90.000008
-0.000000
0.000000
1.000000
1.000000
1.000000
Box0610
0
mesh
1
688
0.000000
0.000000
0.000000
-90.000008
-0.000000
0.000000
1.000000
1.000000
1.000000
Box0620
0
mesh
1
689
0.000000
0.000000
0.000000
-90.000008
-0.000000
0.000000
1.000000
1.000000
1.000000
Box0630
0
mesh
1
690
0.000000
0.000000
0.000000
-90.000008
-0.000000
0.000000
1.000000
1.000000
1.000000
Box0650
0
mesh
1
691
0.000000
0.000000
0.000000
-90.000008
-0.000000
0.000000
1.000000
1.000000
1.000000
Object0030
0
mesh
1
692
0.000000
0.000000
0.000000
-90.000008
-0.000000
0.000000
1.000000
1.000000
1.000000
Box1050
0
mesh
1
693
0.000000
0.000000
0.000000
-90.000008
-0.000000
0.000000
1.000000
1.000000
1.000000
Box1060
0
mesh
1
694
0.000000
0.000000
0.000000
-90.000008
-0.000000
0.000000
1.000000
1.000000
1.000000
Box1070
0
mesh
1
695
0.000000
0.000000
0.000000
-90.000008
-0.000000
0.000000
1.000000
1.000000
1.000000
Box1090
0
mesh
1
696
0.000000
0.000000
0.000000
-90.000008
-0.000000
0.000000
1.000000
1.000000
1.000000
Box1100
0
mesh
1
697
0.000000
0.000000
0.000000
-90.000008
-0.000000
0.000000
1.000000
1.000000
1.000000
Box1110
0
mesh
1
698
0.000000
0.000000
0.000000
-90.000008
-0.000000
0.000000
1.000000
1.000000
1.000000
Box1120
0
mesh
1
699
0.000000
0.000000
0.000000
-90.000008
-0.000000
0.000000
1.000000
1.000000
1.000000
Object0
0
mesh
1
700
0.000000
0.000000
0.000000
-90.000008
-0.000000
0.000000
1.000000
1.000000
1.000000
Box0780
0
mesh
1
715
0.000000
0.000000
0.000000
-90.000008
-0.000000
0.000000
1.000000
1.000000
1.000000
Cylinder0160
0
mesh
1
716
0.000000
0.000000
0.000000
-90.000008
-0.000000
0.000000
1.000000
1.000000
1.000000
Cylinder0150
0
mesh
1
717
0.000000
0.000000
0.000000
-90.000008
-0.000000
0.000000
1.000000
1.000000
1.000000
Plane5530
0
mesh
1
718
0.000000
0.000000
0.000000
-90.000008
-0.000000
0.000000
1.000000
1.000000
1.000000
Plane0010
0
mesh
1
719
0.000000
0.000000
0.000000
-90.000008
-0.000000
0.000000
1.000000
1.000000
1.000000
Box0810
0
mesh
1
720
0.000000
0.000000
0.000000
-90.000008
-0.000000
0.000000
1.000000
1.000000
1.000000
Box1170
0
mesh
1
721
0.000000
0.000000
0.000000
-90.000008
-0.000000
0.000000
1.000000
1.000000
1.000000
Box1200
0
mesh
1
722
0.000000
0.000000
0.000000
-90.000008
-0.000000
0.000000
1.000000
1.000000
1.000000
Box1210
0
mesh
1
723
0.000000
0.000000
0.000000
-90.000008
-0.000000
0.000000
1.000000
1.000000
1.000000
light
0
light
1.000000
1.000000
1.000000
1.937000
0.000000
3.025000
0.000000
0.000000
0.000000
0.000000
1.000000
1.000000
1.000000
fobj
0
fnode
box
0.000000
1.000000
1.000000
2.387000
0.100000
3.933000
1.386000
-1.935000
-0.172000
0.000000
-0.000000
0.000000
1.000000
1.000000
1.000000
fobj0
0
fnode
box
0.000000
1.000000
1.000000
1.785000
-1.442000
1.916000
1.899000
-2.593000
3.332000
0.000000
-0.000000
0.000000
1.000000
1.000000
1.000000
fobj1
0
fnode
box
0.000000
1.000000
1.000000
2.387000
0.100000
3.933000
-2.696000
-1.696000
0.429000
0.000000
-0.000000
0.000000
1.000000
1.000000
1.000000
fobj2
0
fnode
box
0.000000
1.000000
1.000000
0.957000
0.100000
3.933000
-2.696000
-0.503000
2.933000
0.000000
-0.000000
0.000000
1.000000
1.000000
1.000000
fobj3
0
fnode
box
0.000000
1.000000
1.000000
0.609000
0.100000
3.933000
-4.135000
-0.503000
-0.298000
0.000000
89.980217
0.000000
1.000000
1.000000
1.000000
fobj4
0
fnode
box
0.000000
1.000000
1.000000
0.849000
-0.022000
0.335000
0.456000
-0.713000
-0.287000
0.000000
0.000000
-22.334999
1.000000
1.000000
1.000000
fobj5
0
fnode
box
0.000000
1.000000
1.000000
0.646000
0.105000
0.702000
1.499000
-1.081000
-0.218000
0.000000
-0.000000
0.000000
1.000000
1.000000
1.000000
fobj6
0
fnode
box
0.000000
1.000000
1.000000
0.646000
0.105000
0.702000
1.499000
-1.081000
1.224000
0.000000
-0.000000
0.000000
1.000000
1.000000
1.000000
fobj7
0
fnode
box
0.000000
1.000000
1.000000
0.630000
0.486000
0.150000
1.479000
-1.496000
-0.897000
0.000000
-0.000000
0.000000
1.000000
1.000000
1.000000
fobj8
1
fnode
box
1.000000
1.000000
1.000000
0.300000
0.300000
0.300000
2.019025
2.480000
0.000273
0.000032
0.005878
-0.000284
1.000000
1.000000
1.000000
models/kocky/kocka.fbx
1
model
models/kocky/kocka.fbx
0.000000
0.000000
0.000000
0.000000
-0.000000
0.000000
0.300000
0.300000
0.300000
Cube0
0
mesh
1
0
0.000000
0.000000
0.000000
0.000000
-0.000000
0.000000
1.000000
1.000000
1.000000
fobj9
2
fnode
box
1.000000
1.000000
1.000000
0.300000
0.300000
0.300000
1.174011
0.593000
-2.377079
24.495001
-0.000831
0.000042
1.000000
1.000000
1.000000
models/kocky/kocka.fbx
1
model
models/kocky/kocka.fbx
0.000000
0.000000
0.000000
0.000000
-0.000000
0.000000
0.300000
0.300000
0.300000
Cube0
0
mesh
1
0
0.000000
0.000000
0.000000
0.000000
-0.000000
0.000000
1.000000
1.000000
1.000000
camera
0
camera
0.000000
0.537000
-7.111000
-35.174999
0.000000
0.000000
1.000000
1.000000
1.000000
fobj10
1
fnode
box
1.000000
1.000000
1.000000
0.300000
0.300000
0.300000
-2.517002
2.256000
0.000127
30.870001
-0.000152
0.000033
1.000000
1.000000
1.000000
models/kocky/kocka.fbx
1
model
models/kocky/kocka.fbx
0.000000
0.000000
0.000000
0.000000
-0.000000
0.000000
0.300000
0.300000
0.300000
Cube0
0
mesh
1
0
0.000000
0.000000
0.000000
0.000000
-0.000000
0.000000
1.000000
1.000000
1.000000
fobj11
1
fnode
box
1.000000
1.000000
1.000000
0.300000
0.300000
0.300000
-0.935991
1.529000
-2.167190
0.000001
0.001654
22.740000
1.000000
1.000000
1.000000
models/kocky/kocka.fbx
1
model
models/kocky/kocka.fbx
0.000000
0.000000
0.000000
0.000000
-0.000000
0.000000
0.300000
0.300000
0.300000
Cube0
0
mesh
1
0
0.000000
0.000000
0.000000
0.000000
-0.000000
0.000000
1.000000
1.000000
1.000000
fobj12
1
fnode
box
1.000000
1.000000
1.000000
0.300000
0.300000
0.300000
-0.855005
4.217000
-1.214905
-37.575001
-0.001046
0.000049
1.000000
1.000000
1.000000
models/kocky/kocka.fbx
1
model
models/kocky/kocka.fbx
0.000000
0.000000
0.000000
0.000000
-0.000000
0.000000
0.300000
0.300000
0.300000
Cube0
0
mesh
1
0
0.000000
0.000000
0.000000
0.000000
-0.000000
0.000000
1.000000
1.000000
1.000000
fobj13
1
fnode
box
1.000000
1.000000
1.000000
0.300000
0.300000
0.300000
-0.855005
13.053000
-1.214905
-37.575001
-0.001046
0.000049
1.000000
1.000000
1.000000
light0
0
light
1.000000
1.000000
1.000000
1.000000
0.000000
0.000000
0.000000
0.000000
0.000000
0.000000
1.000000
1.000000
1.000000
