default scene
7
scene
0
1.000000
0.000000
0.000000
1.000000
1.000000
1.000000
light
0
light
1.000000
1.000000
1.000000
1.000000
0.000000
0.000000
0.000000
0.000000
0.000000
0.000000
1.000000
1.000000
1.000000
models/kocka/neviem.fbx
3
model
models/kocka/neviem.fbx
0.000000
0.000000
0.000000
0.000000
-0.000000
0.000000
1.000000
1.000000
1.000000
Plane
1
mesh
1
0
0.000000
-2.813608
-0.351689
-90.000008
-0.000000
0.000000
12.052203
12.052203
12.052203
Cube.0020
0
mesh
1
1
0.553674
0.101320
0.256156
0.000000
-0.000000
0.000000
0.082972
0.082972
0.082972
Cube
1
mesh
1
2
-0.944419
1.243403
0.284274
-90.000008
-0.000000
0.000000
1.000000
1.000000
1.000000
Suzanne0
0
mesh
1
3
-2.580581
0.956555
1.588143
0.000000
-0.000000
0.000000
1.000000
1.000000
1.000000
Cube.001
0
mesh
1
4
2.547621
1.299495
-0.716944
-90.000008
-0.000000
0.000000
1.000000
1.000000
1.000000
models/anim/base.fbx
2
model
models/anim/base.fbx
1.026000
1.597000
0.000000
-50.310001
-0.000000
0.000000
0.503000
1.000000
1.000000
Beta_Surface
0
mesh
1
0
0.000000
0.000000
0.000000
0.000000
-0.000000
0.000000
0.010000
0.010000
0.010000
Beta_Joints
0
mesh
1
1
0.000000
0.000000
0.000000
0.000000
-0.000000
0.000000
0.010000
0.010000
0.010000
empty
0
empty
0.000000
0.000000
0.000000
0.000000
0.000000
0.000000
1.000000
1.000000
1.000000
empty0
0
empty
0.000000
0.000000
0.000000
0.000000
0.000000
0.000000
1.000000
1.000000
1.000000
empty1
0
empty
0.000000
0.000000
0.000000
0.000000
0.000000
0.000000
1.000000
1.000000
1.000000
empty2
0
empty
0.000000
0.000000
0.000000
0.000000
0.000000
0.000000
1.000000
1.000000
1.000000
